"","mrg_t1i","mrg_t2r","mrg_t4i"
"1854",NA,0.673427154016094,NA
"1855",NA,0.754026230016414,NA
"1856",NA,0.578753545029073,NA
"1857",NA,0.389339669104121,NA
"1858",NA,0.742020466894679,NA
"1859",NA,0.583469757021882,NA
"1860",NA,1.11608912661727,NA
"1861",NA,1.41139529112804,NA
"1862",NA,0.525329145733399,NA
"1863",NA,0.865860328914966,NA
"1864",NA,0.718001619868398,NA
"1865",NA,0.949786614131625,NA
"1866",NA,1.49466808667972,NA
"1867",NA,1.24772611843942,NA
"1868",NA,0.403391866824919,NA
"1869",NA,1.37510956162587,NA
"1870",NA,0.674800457316246,NA
"1871",NA,0.928866970813476,NA
"1872",NA,0.605562711230952,NA
"1873",NA,1.18932463994255,NA
"1874",NA,1.10494298917229,NA
"1875",NA,1.65691542218656,NA
"1876",NA,2.36144823242032,NA
"1877",NA,1.92784362981863,NA
"1878",NA,1.93486445366959,NA
"1879",NA,1.46592373596859,NA
"1880",NA,1.08098785380685,NA
"1881",NA,1.08819848873324,NA
"1882",NA,0.892026275149688,NA
"1883",NA,1.17507590286841,NA
"1884",NA,0.857044164134217,NA
"1885",NA,1.06301378136323,NA
"1886",NA,0.147997285927741,NA
"1887",NA,0.338416644476142,NA
"1888",NA,0.374504211004221,NA
"1889",NA,0.883604714571559,NA
"1890",NA,0.868111446149062,NA
"1891",NA,0.658306019652225,NA
"1892",NA,0.752645136558931,NA
"1893",NA,0.742844639845124,NA
"1894",NA,0.718756212428851,NA
"1895",NA,1.04148284244915,NA
"1896",NA,1.06842434173358,NA
"1897",NA,0.766158739375918,0.228898193545107
"1898",NA,0.878096755341468,0.338110376873569
"1899",NA,2.05453663894537,0.428849598297186
"1900",NA,1.12695367797333,0.622951670866775
"1901",NA,0.555306739313469,0.750698996976029
"1902",NA,0.837019773820232,0.885773479852037
"1903",NA,0.833657607328263,1.25530775283129
"1904",NA,1.11184999247859,1.49716334700494
"1905",NA,3.37338901570167,1.34877193871306
"1906",NA,3.68056592069872,1.356659836219
"1907",NA,2.42717811116984,1.44351858371415
"1908",NA,1.89448509487469,1.41879175959248
"1909",NA,2.19080007626789,1.38727229548543
"1910",NA,2.10121684328088,1.16948060474595
"1911",NA,1.88836286531235,1.24022701552573
"1912",NA,1.99599173856606,1.10069574134792
"1913",NA,2.02725595877804,1.12133734551043
"1914",NA,1.83416983515522,0.990514662565408
"1915",NA,1.23537261886237,0.855388138031915
"1916",NA,2.06694068430431,0.84484410145672
"1917",NA,2.1531195086473,0.793365148156367
"1918",NA,1.85469763799964,0.652673549712898
"1919",NA,1.782657706396,0.867629148800288
"1920",NA,1.52787677101629,1.01185310671216
"1921",NA,1.47770897177123,0.96023395654196
"1922",NA,1.21979303479553,0.925574304062955
"1923",NA,1.30399292643246,1.00199593466993
"1924",NA,1.19602794141547,0.831054669519895
"1925",NA,0.805373522746949,0.970772207647698
"1926",NA,0.694885585492531,0.844188711780248
"1927",NA,0.810602457369023,0.695490347006404
"1928",NA,0.723713863845978,0.772473957174241
"1929",NA,0.399685306996932,0.750443872509026
"1930",NA,0.0818170674500249,1.01383781746148
"1931",NA,0.0738558925007351,1.21112022589283
"1932",NA,0.0576124938890252,0.906353415953012
"1933",NA,0.0660331797189941,1.02890312858922
"1934",NA,0.148996560158338,1.36256185208254
"1935",NA,0.174314212361711,0.985785967557053
"1936",NA,0.174791835007021,0.817923287859721
"1937",NA,0.200299715479375,0.359209775704123
"1938",NA,0.284507992101474,0.640228770400915
"1939",NA,0.24329856653602,0.808910213034944
"1940",NA,0.420549774624224,0.964064888635312
"1941",NA,0.320418073366448,1.07203414623093
"1942",NA,0.28739473027762,0.986528916663656
"1943",NA,0.203356647110874,0.986638375276157
"1944",NA,0.246305125846019,0.892593284286849
"1945",NA,0.178774033959835,0.824273772073561
"1946",NA,0.051195024584368,0.926235217231159
"1947",NA,0.171032963493786,0.807961396502057
"1948",NA,0.231403091766169,0.753791313718617
"1949",NA,0.14601329998484,0.645403411230231
"1950",NA,0.094679749142327,0.75985766561797
"1951",NA,0.112127407238193,0.894600389655234
"1952",NA,0.164213710592709,0.944890637657678
"1953",NA,0.251145176851549,0.823802381858563
"1954",NA,0.286349038239259,1.04278492773083
"1955",NA,0.182574537301377,1.22420255726207
"1956",NA,0.226473728612613,1.23320306598655
"1957",NA,0.287982895223309,1.19465083257675
"1958",NA,0.314737495948686,1.49055510058191
"1959",NA,0.429161256251686,1.37671587806098
"1960",NA,0.517654919142668,1.22575234960919
"1961",NA,0.483393312777927,1.14616168274988
"1962",NA,0.50182046858371,1.18748331081991
"1963",NA,0.379195985951975,1.59139051136114
"1964",NA,0.494642572388659,1.60226378319498
"1965",NA,0.318493679394326,1.57628597914996
"1966",NA,0.41646443614853,1.35220156865598
"1967",NA,0.505852365162738,1.44084967292516
"1968",NA,0.284416716632369,1.26829186530787
"1969",NA,0.436159158949336,1.01070135043944
"1970",0.35920177383592,0.445708052730529,1.30036577555068
"1971",0.451899005793577,0.383856137843618,1.43668940693541
"1972",0.768614548315571,0.116212047439367,1.16373546111634
"1973",1.1432658608111,0.170081699015937,1.2029000365641
"1974",1.06601816751305,0.322694298651205,1.55408423153008
"1975",0.567770545740648,0.224389449106361,1.30372333036329
"1976",0.722265932336743,0.377462985307989,1.61974659356643
"1977",0.614119161719476,0.530919856485554,1.64869512573392
"1978",0.691366855017524,0.603660903967325,1.63878404559118
"1979",0.52142192976182,0.306710086371508,1.84711814386395
"1980",0.52142192976182,0.460617042760196,1.71958368769443
"1981",0.382376081825334,0.379777978141451,1.26917577940107
"1982",0.648880623703598,0.443585545396239,1.04482248010402
"1983",0.73385308633145,0.444087490649467,0.974058637327929
"1984",0.907660396252056,0.798429909929876,1.06796918048567
"1985",1.26299978542307,0.635805844841131,0.835031835423549
"1986",1.57585294328017,0.90926334021589,0.942703612773975
"1987",1.11236678349188,0.791886906781227,0.720567088914103
"1988",1.23596309276876,1.12982455847355,0.851485044977483
"1989",0.926972319576568,0.656687254501459,0.530714956906734
"1990",1.37887132537015,0.995132393075773,0.730934188755567
"1991",1.16644016880052,1.17886484458149,0.642072034260321
"1992",1.37114655604034,1.48183921010175,0.95616768551352
"1993",1.40204563335956,1.64801934937187,0.78358153712367
"1994",1.45611901866819,1.67701422433702,0.792099922603071
"1995",1.20506401544954,1.68768582643389,0.833672103668165
"1996",1.57585294328017,1.96457263160332,0.837788687339669
"1997",1.3132107860668,1.87437970970863,0.827675853911287
"1998",1.1394034761462,1.34259815895456,0.693169661179305
"1999",1.27072455475288,1.70264275837072,0.783123861028913
"2000",1.23982547743366,1.4553266278585,1.03332953879627
"2001",1.1432658608111,1.56710100732454,0.669726365732538
"2002",1.05443101351835,1.9926899372054,0.707278870331807
"2003",1.10464201416208,1.8372587204535,0.64716084047207
"2004",1.01966955153423,1.58917027982187,0.724406957271683
"2005",0.984908089550104,1.91395042719321,0.871799073030233
"2006",1.00035762820971,1.98934853505696,0.781723993544815
"2007",1.09691724483227,1.2777839538157,0.81083143379558
"2008",1.27072455475288,1.95506268779912,1.03143778448443
"2009",1.3093484014019,2.07692214556752,0.728345173735403
"2010",1.10077962949717,2.0226318909642,0.950854425743453
"2011",1.23210070810386,2.24676776054116,0.930365731368848
"2012",1.28231170874759,2.37826177040504,0.997025556225321
"2013",0.996495243544811,1.13409885198295,0.811220543513807
"2014",1.02353193619913,1.41384136099989,0.976662434274813
"2015",0.853587010943423,1.20993262792865,0.783498187575951
"2016",0.907660396252056,1.57383830330157,0.982112734058519
"2017",0.988770474215006,2.31087037573204,1.00864685503725
"2018",1.15485301480581,2.14435786227141,0.950512909806906
"2019",0.872898934267935,2.38808642560298,0.945128371764678
"2020",0.992632858879908,1.53069895320353,1.03096704878902
"2021",0.478935698447894,0.784433973563332,0.561586353183142
"2022",0.6527430083685,1.46690953650971,0.906886861275551
"2023",0.745440240326157,1.19656338501981,0.584369832482565
