"","SP_T10r","SP_T11i","SP_T12r","SP_T13i","SP_T14r","SP_T15i","SP_T16r","SP_T1i","SP_T2r","SP_T3i","SP_T5i","SP_T6r","SP_T7i","SP_T8r","SP_T9i"
"1918",NA,NA,NA,NA,NA,1.15723492857214,NA,NA,NA,NA,NA,NA,NA,NA,NA
"1919",NA,NA,NA,1.72428282107715,NA,0.96505134511916,NA,NA,NA,NA,NA,NA,NA,0.90891079924155,NA
"1920",NA,NA,NA,0.769529923334988,NA,0.95540553245967,NA,NA,NA,NA,NA,NA,NA,1.0698579759939,NA
"1921",NA,NA,NA,0.638430634063925,NA,0.891821335670401,NA,NA,NA,0.882054717553884,NA,NA,NA,1.16447625107834,NA
"1922",NA,NA,NA,0.483638425028846,NA,1.00665916649496,NA,NA,NA,1.1826043623388,NA,NA,NA,1.3676815291363,NA
"1923",NA,NA,NA,0.276957622307536,NA,1.16682031906523,1.38467957510209,NA,NA,1.40540158927705,NA,NA,1.50729302262573,0.710734231772606,NA
"1924",NA,NA,NA,0.234573657397729,NA,0.732341946233824,0.909028127346117,NA,NA,0.795608841124804,NA,NA,0.772095374754602,1.03587280271131,NA
"1925",NA,NA,NA,0.826425582790806,NA,0.986726094346094,1.3315122898969,NA,NA,0.92575879356351,NA,NA,1.06634893043672,0.933201678610954,NA
"1926",NA,NA,NA,1.35565830367089,NA,0.972716457834355,1.04158311102819,NA,NA,0.591430004571363,NA,NA,0.92007399495167,0.962071310824579,NA
"1927",NA,NA,NA,1.3243410006245,NA,1.12471907385337,1.1991715301606,NA,NA,0.872813582058627,NA,NA,1.01077753103278,1.08034052552678,NA
"1928",NA,NA,NA,1.49189497055033,NA,1.1689872634125,0.972155885037853,NA,NA,0.906656887022319,NA,NA,1.08784561568029,0.854080251179531,NA
"1929",NA,NA,0.791575680956212,1.39337441695727,NA,0.97439886475175,0.836317004727948,NA,NA,0.834329444424093,NA,NA,0.777428896618004,0.840037958810539,NA
"1930",NA,NA,0.758820825192507,1.47382698833259,NA,0.90404883561016,0.942835036266596,NA,NA,0.916150902756793,NA,NA,0.731217344342723,0.741606527019131,NA
"1931",NA,NA,0.668744971842317,1.4032864832672,NA,0.614817145742098,0.701851243788753,NA,NA,0.904684466841795,NA,NA,0.571666887044044,0.919185112563805,NA
"1932",NA,NA,0.805223537524423,1.25618917519488,1.21884730626873,0.795404825096317,1.06165976217202,NA,NA,1.2699127360262,NA,NA,0.881257653321712,0.847506504427511,NA
"1933",NA,NA,0.780657395701643,1.205418970369,0.924270019387815,0.842598263394244,0.811227771097872,NA,NA,0.993944185031849,NA,NA,0.819004924297073,0.860951872911071,NA
"1934",NA,NA,0.565021261923917,0.942973187294457,0.699958874331708,0.803617800484798,0.979942692301045,NA,NA,0.703576992224485,NA,NA,0.857512759024076,0.904028784044137,NA
"1935",NA,NA,0.786116538328928,0.954328351875794,1.00804888079431,0.922798095452431,0.874811428404322,NA,NA,1.02325237470701,NA,NA,0.830486566593889,0.996265378414544,NA
"1936",NA,NA,0.614153545569475,0.814116588058925,0.87562422889372,1.01791628414374,0.913879183917845,NA,NA,1.15500438812282,NA,NA,1.06988344434742,0.867470382853069,NA
"1937",NA,NA,0.652367543960464,0.833096516003233,1.13506844486223,1.16883134086692,1.00072238596145,NA,NA,1.45531883024052,NA,NA,1.01632516475151,0.961282226961096,NA
"1938",NA,NA,0.562291690610275,0.887053883500446,0.948592914634863,1.28527414605264,1.08533005529887,NA,NA,1.28150010451813,NA,NA,1.07416108339241,0.940407635590445,0.968840802683377
"1939",NA,NA,0.578669118492127,0.817678641059984,0.864814053228365,1.08637748590677,0.734372336051188,NA,NA,1.21908488333847,NA,NA,0.951225282138161,1.1581603765169,0.753095455994253
"1940",NA,NA,0.575939547178485,0.812584340252785,0.956700546383879,1.3690354520102,1.1235399009026,NA,NA,1.39773366852423,NA,NA,1.03564999718538,1.27605121309015,0.976455602884588
"1941",NA,NA,0.728795540742443,0.99712250529625,0.997238705128958,1.18505821335946,1.04795226607038,NA,NA,1.40793252353168,NA,NA,1.09511107241239,1.2503795913858,1.15150860346503
"1942",NA,NA,0.616883116883117,1.07696239683606,1.14317607661125,1.46959076060693,1.43790235685689,NA,NA,1.28638668424596,NA,NA,1.21131596000053,1.47507466695431,1.05493192150614
"1943",NA,NA,0.608694402942191,1.0918826123184,0.978320897714588,1.58664985670118,1.41132801978847,1.17230176551124,NA,1.36706364283036,NA,NA,1.50307816980611,1.17334258697055,1.33144065772514
"1944",NA,NA,0.608694402942191,0.950740585957915,0.997238705128958,1.16247202948207,1.19577026421287,1.04743869988218,NA,1.22811760383116,NA,NA,1.183564689143,1.11362491813057,0.943176913705651
"1945",NA,NA,0.584128261119412,1.10005700430164,1.02156160037601,1.17795792626222,0.978767179667002,0.911493363970375,NA,1.08260743412785,NA,NA,1.13196281135057,1.04692113438588,1.05377081180486
"1946",NA,1.29093273436576,0.507700264337433,1.17872311430192,0.956700546383879,1.25355276369602,1.20093501271803,0.917376118266355,NA,1.22412534901427,NA,NA,1.3229013837891,1.08669775759531,1.11786297380825
"1947",NA,1.09268235015959,0.43946098149638,1.01137367732239,0.845896245813994,1.0847356103084,1.04605704583341,0.973531938864111,NA,1.07148700914444,NA,NA,1.18545564264098,0.939840616914522,0.912573551737208
"1948",NA,1.07654569098002,0.50497069302379,0.798255120064444,0.79454791140356,0.791967121026343,0.901727847182117,0.913266773274523,NA,0.89991942271778,NA,NA,0.953449765652373,0.72397092566564,0.794987934358866
"1949",0.936637025984731,0.96589431374867,0.575939547178485,1.04697989607569,0.962105634216556,0.701640509846126,0.794238645752969,0.890617461211286,NA,0.673867654033061,NA,NA,0.975119131088189,0.947270891838817,0.673962775450401
"1950",0.853466085142557,1.08807187610829,0.565021261923917,1.25276072190079,0.851301333646672,0.734607821619811,1.07135332606651,0.919100938169406,NA,0.70408074732631,NA,NA,1.22628519269397,1.09263517936143,0.973324054686047
"1951",1.0544219425883,1.0972928242109,0.54318469141478,1.12251809647495,0.89454203630809,1.02438904011355,0.995930228312971,1.18700049977723,NA,0.757182540433498,NA,NA,1.2272143347235,1.00498715577604,1.10955661468627
"1952",0.973266705371038,1.04196713559522,0.480404551201011,0.833122166726028,0.756712296574819,0.78235938756253,1.13161618301614,0.933291061501381,NA,0.469272873974248,NA,NA,0.877997385045766,1.1743056435752,1.01667875560412
"1953",1.21919572733748,1.11112424636482,0.450379266750948,0.793811416943739,1.02696668820868,1.00324434145546,1.06767858572276,1.25923806636187,0.795210544228211,0.498059232216029,NA,NA,1.17281695091854,1.1946968443277,1.0988966376391
"1954",1.39046399831219,0.889821491902116,0.477674979887369,0.791194405885904,0.959403090300217,0.94368098834525,1.124641885176,0.854650176600411,0.720522261068655,0.851726091153688,NA,NA,1.20562313275185,0.838483186009942,1.23969922351188
"1955",1.05422140616919,0.636245419080269,0.398517411791748,0.699987228099508,0.689148698666353,0.767204189133393,1.01568876551163,0.797648148309398,0.735899260542681,0.702376499676207,NA,NA,0.851494984205363,1.27179607925327,0.917427876161808
"1956",1.01147823992708,1.08576663908263,0.447649695437306,0.831791000044811,0.899947124140767,0.972406779852751,1.10564972818325,0.976004907622297,0.885275826861793,1.2668189359853,NA,1.21120993728732,1.09119956294651,1.26950016766564,1.3150501954669
"1957",1.15953121597583,0.988946684005201,0.532266406160211,0.990543308268926,0.848598789730333,1.10272438077046,1.24408873572569,1.01523733300595,0.91383311159927,1.29852390882377,NA,1.24198114374074,1.10740073030819,1.28508482070573,1.10983607948902
"1958",1.06618347644358,1.36239508216101,0.608694402942191,1.2979765454277,1.189119323189,1.09047131170026,1.36849288060417,1.07331958197552,0.927013396862721,1.55234263432803,NA,1.15624471513076,1.2250469653694,0.923448014967091,1.428412130857
"1959",0.810951439745452,0.599361626669819,0.526807263532927,0.980955724384956,0.91345984372246,0.753625908661032,0.876386537246819,0.867372543774467,0.762259831069583,1.16558827000925,NA,1.11840983761303,0.896664928961235,0.785646756668157,0.990289084227319
"1960",1.01739085690028,0.650076841234188,0.537725548787496,0.897433755852677,0.870219141061042,0.819296165739384,0.903658378081218,1.07362034360235,0.685374833699452,0.765901490387725,NA,0.961483549540196,1.04889965677356,0.597175398877142,0.861221075134388
"1961",0.822673325112891,0.465657879181936,0.436731410182738,0.579218846639056,0.65671817167029,0.521695920243192,0.606595076906859,0.606040737793763,0.467900126852511,0.356860085147548,NA,0.86377034015804,0.529721005944155,1.0083924281024,0.624361635267435
"1962",0.767253527725322,0.663908263388107,0.45310883806459,0.834119990323533,0.93508019505317,0.688525922159117,0.870514808866884,0.894042413746404,0.689768262120603,0.828078169151905,NA,0.75496872547507,0.71344955365339,1.05917703502258,0.985328988086828
"1963",0.87928973026106,0.790696299799031,0.559562119296633,0.816826077567391,0.959403090300217,0.686247228826373,0.89805760471717,1.03915934301661,0.755669688437858,0.963360266349249,NA,0.92232178615573,0.818210899763771,0.837313901547564,0.976368335279107
"1964",0.935920091501375,0.686960633644639,0.565021261923917,0.908939198518207,0.940485282885847,0.720364776906829,0.6682910121281,0.893856925386452,0.619473407382197,0.650566302894102,NA,0.937481444138427,0.701295001517347,0.880296500299926,0.559126146490489
"1965",0.817291342162966,0.889821491902116,0.603235260314906,0.93937116590792,1.00804888079431,0.838014508805591,0.895282191989362,1.16675933848097,0.79081711580706,0.428919064086411,NA,0.842291207800098,0.796013056596675,1.0409136367553,0.89058204586738
"1966",0.81310129324701,0.751507270362927,0.578669118492127,0.979004711178281,1.05128958345573,1.05929036920876,1.00349163477936,1.15935111763328,0.784226973175335,0.849226627691391,NA,0.848495280559145,0.886603210580344,1.0330078351247,0.951355774423144
"1967",0.972021046065213,0.866769121645585,0.690581542351454,1.28568978534212,1.15668879619294,1.21347094832173,0.957542286293761,1.2976450517823,0.819374400544538,0.87145910656407,NA,0.910218452349893,0.929823784245574,0.840270112690246,0.997632663213912
"1968",0.916018030680058,0.37344839815581,0.559562119296633,1.07429191509405,1.02156160037601,1.09508002360502,0.858387414404343,1.15521808781692,0.705145261594629,0.859149010175623,NA,1.07753209559045,0.893040306427787,1.18538363344183,0.907680119038555
"1969",1.20397619899401,0.783780588722071,0.690581542351454,1.20863887352752,1.08101756653546,1.23505326404405,1.02071035284216,1.2132981434554,0.894062683704093,1.03676391356392,0.696828557412057,0.956808846024751,1.11962710704526,1.24472960984896,1.14967572359025
"1970",1.24214770861496,0.686960633644639,0.712418112860591,1.10136941989677,1.16479642794195,1.12171250016702,0.852138037662347,0.971191395666332,0.841341542650289,0.8963928849147,0.808820002375299,0.855674558808935,1.21121756426853,1.24510783029112,1.16286451536631
"1971",1.22319167152347,0.705402529849864,0.63326054476497,0.987116991643455,1.14587862052758,1.36704049861528,0.949598645530762,1.61803952390525,0.801800686859936,0.762457018006238,0.819486916792475,0.927735669021694,1.28228382414434,1.21663806945722,0.92743295889548
"1972",1.17878784478088,0.668518737439414,0.461297552005517,0.878031731099964,1.07831502261912,1.1565852458153,0.795301200726815,1.44038002523661,0.733702546332106,0.728724388329151,0.798156496203872,1.11986996998274,1.01047794708324,1.11126540479798,0.987261396619093
"1973",1.29809029289757,0.714623477952477,0.742443397310654,1.01687726058911,1.11344809353152,1.25607585580349,0.867931629292771,1.10221763062616,0.637047121066799,0.701789721153117,0.668390347370955,0.829070186474145,1.2056732171689,1.13871577789535,1.00165658490528
"1974",1.13546071240669,0.901347677030382,0.851626249856338,1.18156913369087,1.08642265436813,1.33874116345899,0.740799488155978,1.35272624280323,0.795210544228211,1.04687991964336,0.801714021139252,1.01786017507558,1.13945590932943,1.08882040863175,1.26301790230956
"1975",0.939224512000886,0.820664381132521,0.780657395701643,1.07502191371233,0.99453616121262,1.26402464342428,0.845680693362822,1.26657940389185,0.678784691067727,0.999200748550176,0.719943761968762,0.908483819887975,1.20273489424234,0.543136748234389,1.31587504164554
"1976",0.723046743065867,0.414942664617567,0.395787840478106,0.681345134086019,0.583749485929146,0.744398381566981,0.528525942722157,0.499045025434157,0.430555985272733,0.5227219940413,0.501294882239592,0.641167632444269,0.625219772294429,0.397778116760289,0.661943818602097
"1977",0.46801086903649,0.387279820309729,0.455838409378232,0.546769249804928,0.489160448857294,0.371092151625277,0.350458635608034,0.350540285193568,0.360261130534328,0.251125679358327,0.220427847856765,0.326492558723006,0.491500939982489,0.950148880322372,0.367233363496971
"1978",0.800582794181997,1.19411277928833,0.84070796460177,1.16410133317494,0.997238705128958,0.893342548340918,0.684195410076659,0.979111507956552,0.483277126326537,0.513130278783283,0.991926714793943,0.643946534002846,0.841440677384063,0.616032091227184,1.19542086591485
"1979",0.737270466954381,1.14800803877527,0.565021261923917,1.10607037095405,0.837788614064979,0.693171091522296,0.706221586027127,0.704409206597581,0.373441415797779,0.457622968257761,0.99192811423639,1.0577163197157,0.612103093315453,0.877603114386148,0.958566563656639
"1980",0.794066971980269,0.659297789336801,0.837978393288128,1.56656203059317,0.859408965395688,1.0759948728425,0.845481791668378,0.590026010550913,0.604096407908171,0.552326873286133,0.929711712645335,1.15653344911565,1.06429514486284,0.621972612371331,0.722110442362305
"1981",0.718456698791605,0.915179099184301,0.75063211125158,1.02664366855435,0.921567475471476,0.809097110528193,0.904197625723868,0.580355653188394,0.450326413167909,0.608651871778526,1.02037337659214,1.05106484014092,0.637571869107844,1.04546859166795,0.662542273282578
"1982",0.965892757335077,1.29323797139142,1.03450752787036,1.45886919172689,1.03237177604136,1.253762214632,1.06494198578126,1.07891892915266,0.738095974753256,0.924025385874604,1.18747452474623,1.35597122770631,0.969734850521292,0.935531886896512,1.01845240321248
"1983",0.930930399351044,1.41080505969973,0.99629352947937,1.36584335291802,1.01885905645967,0.94302078914553,1.17429216104057,1.06711027987146,0.821571114755113,1.25022896720644,1.11459218181475,1.05523604039932,0.918835597007755,1.0277171048755,1.08712558939719
"1984",1.06338409511282,1.39697363754581,1.0563440983795,1.26556150758432,1.11344809353152,1.00108449009317,1.48921106758676,0.979173354565327,0.863308684756041,1.5381889659926,1.3368014405984,1.23034257859481,0.952573520046683,0.637456874179935,0.912735165986057
"1985",0.867508752694539,1.59752925877763,1.06453281232042,1.11588016507892,1.01345396862699,0.891623393423182,1.02427464081379,1.11629858859505,0.762259831069583,1.17434996759856,1.08259737488022,0.87840043283281,0.892573803814176,1.058662844728,0.571811688476118
"1986",1.26828484166533,1.88798912400993,1.32930122974371,1.49117056367551,1.05669467128841,1.12928114799007,1.12808643602341,1.43041378060655,0.784226973175335,1.29411111596504,1.45235353554268,1.35916890707134,1.35953212814475,0.858651534041189,1.24057109457584
"1987",1.00887291206637,1.21947038657052,0.884381105620044,0.965897435203503,0.681041066917337,0.697990750571731,0.925366444793053,0.743243639302327,0.742489403174407,1.08413196022612,1.02571502118774,1.25188062267524,0.767912525789582,0.773855394124425,0.419158645444367
"1988",1.09969676000862,1.40619458564842,1.18463395012068,0.989872998174213,0.651313083837612,0.770578694567315,0.942406362337264,0.934790302270248,0.911636397388695,0.923091804368533,1.00082906700719,1.10846474194173,0.895621713557598,0.713020377376206,0.585961449448018
"1989",0.818452312203087,0.979725735902589,0.85435582116998,0.681529654217365,0.71617413782974,0.518961447955256,0.774398139828643,0.594689672918581,0.788620401596485,0.628486001044461,0.759066810915637,0.78205872061931,0.815729113571,0.711899453225471,0.813439652265925
"1990",0.960574533292644,1.06732474287741,0.859814963797265,0.826808664954809,0.594559661594501,0.738720473019319,0.750413661263635,0.789061743798157,1.03025896475975,0.793767427727216,0.734180410312371,1.0330219938211,0.778058559260095,0.666495511521596,0.698268888255523
"1991",0.919727754769967,1.2102494384679,1.10001723939777,0.770747979649988,0.851301333646672,0.929292096500689,0.960400228988702,0.724113328671696,1.17524210265771,0.688609165774095,0.952835968834439,0.924389679429529,0.919099159927795,0.562025595974422,0.81093266589366
"1992",0.831839152884755,1.30706939354534,0.75063211125158,0.784260879418,0.870219141061042,0.742682664075889,1.07665803972879,0.926998004991478,1.38173323845178,0.674745875112992,1.08083038506686,1.01906111255771,0.769983089453097,0.820347994559652,0.868773369045716
"1993",1.13847468287315,1.40158411159712,1.4521319388576,1.03927773766615,1.02156160037601,0.967497282098038,1.00228236541993,1.29429121376438,1.64973237214195,0.812015572193951,1.31726389027303,1.22229883671895,1.18743038622894,0.592089090563261,0.920014599288742
"1994",1.0581696928444,1.26557512708358,1.37024479944834,0.831865604462161,0.878326772810058,1.10824706795287,0.783061753935432,0.985690724340059,1.38173323845178,0.836824598190478,1.45059224153964,1.131692806782,0.888972254739577,1.0078141802826,1.07796724921927
"1995",1.1911684511281,1.84188438349687,2.04717848523158,1.11990096351106,1.22154985018507,0.913306256045594,1.28966957315853,1.53964066586615,1.68048637109,1.55796839937251,1.3883751703779,1.33306088413125,1.56975513328345,1.12517456972466,1.61900723278585
"1996",1.17536856468675,1.74045395436813,2.23278933455925,1.15227447947314,1.42424064391046,1.2243362837109,1.43683758330192,1.42257363568181,1.5838309458247,1.43869441130683,1.73147160541711,1.66397664318943,1.42125715483766,1.32933549497874,2.23014001924059
"1997",1.56013440048697,1.25635417898097,2.333783473164,1.02786637028446,1.38099994124905,1.30217660457721,1.12285050410044,1.37937035838382,1.55966708950837,1.91041983284634,2.05145898535224,1.30735489840691,1.53903871571991,1.05821026033541,2.07589527396253
"1998",1.12333072027586,1.55142451826457,2.06355591311344,1.11157423186933,1.25938546501381,1.03266011996148,0.963375265293511,1.0534947459471,1.39491352371523,1.47793695352497,1.45948891094407,0.980515213722282,1.0662844435916,1.38534866315333,1.3219463861229
"1999",1.22061022236249,1.95253576072822,2.074474198368,1.25466450910861,1.3918101169144,1.24304136866727,1.32831119137742,1.10605984050578,1.47399523529594,1.56968836797103,1.53237663364584,1.27226812519562,1.32830631127854,1.50588175041185,1.25539148933916
"2000",1.04524630538443,1.45460456318714,1.86975634984485,1.16707417481171,1.40262029257975,1.17086868141916,1.01704449774895,1.13940890384783,1.39271680950466,1.12288679552046,1.38305185963494,1.43978826790781,1.31547325660586,1.4476594492019,1.56805652553924
"2001",0.967689373648777,1.19872325333964,1.84246063670842,0.86988240228802,1.05669467128841,0.985790163911472,0.904629831396948,0.840422348926756,1.29606138423935,0.954061614304842,1.09328803821884,1.2037659535646,0.902616777514488,1.1706906204278,0.895669577610249
"2002",0.902323280672086,0.917484336209954,1.46032065279853,0.776131358064605,0.848598789730333,0.84387779731482,0.794831709149393,0.958813367397804,1.17743881686829,1.10559000743494,0.901297264101793,0.937599665374264,0.744470582037416,1.64627203393945,0.799805560114601
"2003",1.28415089509872,1.64593923631635,2.14817262383634,1.25407071462783,1.19182186710534,1.33337500789038,1.17583069332943,1.34381304287304,1.41907738003156,1.53181688460282,1.42038960560894,1.21455244072304,1.22103708298262,1.40559565026765,1.36902050827905
"2004",1.1013583567025,1.20794420144225,1.81789449488565,1.04125550039613,0.89454203630809,0.862329665711276,1.04478015030244,0.973070670310298,1.18183224528944,1.01428345352824,1.22484332793778,1.07580285849325,0.895554645645184,1.7653417423451,1.22925005845405
"2005",1.03576694384919,1.29323797139142,2.16182048040455,1.39740734315732,1.42964573174314,1.12208224456251,1.48032840085844,1.23999357578934,1.49596237740169,1.62725077933515,1.29417590827918,0.986004341391548,1.3294875504435,1.45379557797992,1.71061744081787
"2006",1.17915562656099,1.31167986759664,1.53401907826687,1.14758350919262,1.38370248516538,1.12640492062918,1.16543973389381,1.03675812359056,1.37733981003063,1.91977945298916,1.15729355078767,1.12821718652201,1.0409517878366,1.1151860931897,1.27885583981534
"2007",0.98879725148158,0.924400047286913,1.38389265601655,0.830860780905297,0.948592914634863,1.20520345944044,1.05804540712434,0.899433799225861,1.39271680950466,1.40561688274447,1.03641027962907,0.992002488929297,0.975231251003673,1.13117267947226,0.956580404752468
"2008",0.992405083677417,0.723844426055089,1.34294908631192,0.899709798352705,1.08372011045179,0.996424972695998,1.08073655111378,0.657502663385833,1.20599610160577,1.12035989667176,0.865750460206739,0.804604619302819,0.9702516703675,1.27947262835772,0.714914926411558
"2009",1.18949579990266,1.22177562359617,1.76876221124009,1.04518428719118,1.13506844486223,1.20794896269077,1.16209141123426,1.01255591132713,1.28727452739705,1.04997850286291,0.9279720284205,0.932354369580111,0.874428310202656,1.21159114101959,1.30189500511108
"2010",1.19911559761359,1.34164794893013,1.91069991954948,0.98493468529475,1.18371423535632,1.02062642660455,1.25515387409226,1.0264683774136,1.52451966213917,1.18747722677367,0.988416045509803,1.00703889241518,1.08438131842459,1.47089447383085,0.684906129641422
"2011",1.41685801325549,1.55834022934153,2.48663946672796,1.11036423356581,1.38640502908172,1.14609833911894,1.41167691446248,1.1917486348085,1.87819065004177,1.30384532647418,1.1128584846744,1.16849065301858,1.22980384186687,1.267177307505,1.01677568737321
"2012",1.31901493858607,0.956673365646058,1.815164923572,0.803897112841715,1.17560660360731,0.548575351417019,1.02909402746619,0.751474725964602,1.32461866897683,1.13476796639142,1.02041800552354,1.18653323869393,0.936994730215226,0.450123614846403,0.840553631941118
"2013",1.0320716243751,0.993557158056508,1.79332835306287,0.841136572058907,1.06209975912109,1.10045396437308,0.974077238647127,0.919493217719836,1.13570124686736,1.00795724791841,0.77153665371161,0.973041460971362,1.03919281726185,0.393356728294477,0.808238003185196
"2014",0.529944488103053,0.440300271899752,1.18190437880703,0.448645488973059,0.594559661594501,0.563566516383578,0.735611249194033,0.881045079810746,0.766653259490734,0.602691759827486,0.478211181271428,0.565561094663501,0.656788368618492,0.564720606843814,0.49291638598365
"2015",0.529255772457255,0.54864641210545,1.05088495575221,0.480734148260341,0.748604664825803,0.676998187514998,0.795089997519522,0.864609499149641,0.727112403700381,0.47935739340038,0.487100552189409,0.369084487950568,0.651004744508196,0.609387744257857,0.823292890818523
"2016",0.90150655650153,0.567088308310675,1.35932651419377,0.940150724915012,0.924270019387815,0.867720679590006,0.87015984050876,1.2061549659168,0.91822654002042,0.553401064047438,0.798206045655897,0.737845293582016,0.765536779554785,0.649091790168859,1.04752734094379
"2017",1.06649821261906,0.972810024825629,1.62136536030341,0.941203561859302,0.921567475471476,1.15997934870463,1.21452685684397,1.49266954038385,1.11373410476161,0.856574177909429,0.83376205701172,0.726873953244692,1.21598789045952,0.953705313323683,1.27254785020934
"2018",0.984028879900937,0.820664381132521,1.58315136191242,0.999030331590347,1.15128370836026,1.24596268789846,1.14391064687259,1.15401328445619,1.59481451687757,1.23379717979775,1.10042524831377,0.918942752013663,1.19545895294782,0.185495948346375,1.05150374105505
"2019",0.881937003738742,0.650076841234188,1.23103666245259,0.992791317465956,1.26479055284648,1.3322527315258,1.16809753252675,1.07421462483462,1.31583181213453,0.934194664362211,0.935096118388353,1.00437110285649,0.701894240538174,0.356751699925294,1.02248440590262
"2020",0.814478098596087,0.410332190566261,1.20920009194345,1.01325252439087,1.19722695493802,1.25191066768281,0.947098918183146,0.66109650545177,1.46081495003249,1.16337593097474,0.828432330763417,0.944770045774861,0.83293729267154,1.01482184713338,0.784570491456635
"2021",0.612514793727978,0.246660361744887,1.01540052867487,0.764875970851136,1.08912519828447,0.967939775092949,0.874326542958356,0.539926403293574,0.97753782370595,0.930729797392498,0.419550012679005,0.664772941401657,0.823187019166142,0.839226035310391,0.592265905457662
"2022",0.883875609298082,0.198250384206171,1.53401907826687,1.26733022270993,1.02966923212502,1.22154032691541,0.820241757742547,0.559238817241974,0.970947681074224,1.00126859982788,0.531549282984251,0.771295677034781,1.21272214925033,1.68108481584108,0.395440193554196
"2023",1.00026491961527,0.142924695590495,1.1409608091024,1.07205001978763,1.40802538041243,1.17610000380645,1.01052355179493,0.754870907842375,1.19940595897404,1.28335050850913,0.762658742939467,0.937634916593372,1.16893280462505,1.61691747507793,0.776485892001311
