"","CF_T10r","CF_T11i","CF_T15i","CF_T16r","CF_T19i","CF_T1r","CF_T20r","CF_T2i","CF_T5r","CF_T6i"
"1877",NA,NA,NA,NA,NA,NA,NA,0.947698110378215,NA,NA
"1878",NA,NA,NA,NA,NA,NA,NA,1.01682784931503,NA,NA
"1879",NA,NA,NA,NA,NA,NA,NA,1.10631029509897,NA,NA
"1880",NA,NA,NA,NA,NA,NA,NA,1.22965910581966,NA,NA
"1881",NA,NA,NA,NA,NA,NA,NA,1.12828401962561,NA,NA
"1882",NA,NA,NA,NA,NA,NA,NA,1.21212602470106,NA,NA
"1883",NA,NA,NA,NA,NA,NA,NA,0.787742316935993,NA,NA
"1884",NA,NA,NA,NA,NA,NA,NA,0.834800059838373,NA,NA
"1885",NA,NA,NA,NA,NA,NA,NA,0.892908674210141,NA,NA
"1886",NA,NA,NA,NA,NA,NA,NA,0.7755454107685,NA,NA
"1887",NA,NA,NA,NA,NA,NA,NA,0.821620037663574,NA,NA
"1888",NA,0.734701761329005,NA,NA,NA,NA,NA,1.02671395691851,NA,NA
"1889",NA,0.894675895885159,NA,NA,NA,NA,NA,0.941908928295846,NA,NA
"1890",NA,0.870106575500703,NA,NA,NA,NA,NA,0.813277636148659,NA,NA
"1891",NA,0.878363147186993,NA,NA,NA,NA,NA,1.17045457333288,NA,NA
"1892",NA,1.35619370279308,NA,NA,0.939643507761753,NA,NA,1.0939006480152,NA,NA
"1893",NA,1.56149086553269,NA,NA,1.08499773634101,NA,NA,0.810642735743814,NA,NA
"1894",NA,0.882411292977552,NA,NA,1.02911478933267,NA,NA,1.16904650836035,NA,NA
"1895",NA,0.734571444211492,NA,NA,1.05684126416039,NA,NA,0.991923831210905,NA,NA
"1896",NA,0.907976623054284,NA,NA,0.906815146410961,NA,NA,0.86662537695277,NA,NA
"1897",NA,1.52874314074001,NA,NA,0.844128174050183,NA,NA,0.972902813957521,NA,NA
"1898",NA,1.0339401888318,NA,NA,1.00216485867953,NA,NA,1.03842350586805,NA,NA
"1899",NA,0.891179414959079,NA,NA,1.10869156020861,NA,NA,1.19975610785367,NA,NA
"1900",NA,0.778760388988937,NA,NA,1.121109321926,NA,NA,1.08911460145018,NA,NA
"1901",NA,0.752292854200339,NA,NA,1.15914282900735,NA,NA,0.883790520718361,NA,NA
"1902",0.803586638787064,0.856423650668298,NA,NA,1.24439324215979,NA,NA,0.979647361509702,NA,NA
"1903",0.898311068288826,0.983253240016166,NA,NA,1.05759935397941,NA,NA,0.983370280963705,NA,NA
"1904",1.15445867632935,1.30278273134216,NA,NA,0.965781414502388,NA,NA,1.12766704841808,NA,NA
"1905",0.907531046068116,1.06430467067053,NA,NA,0.78487016147626,NA,NA,1.26356466959373,NA,NA
"1906",0.855888496722191,1.12765560511566,NA,NA,0.682780188762927,NA,NA,1.10550043380825,NA,NA
"1907",1.24312213139448,0.855737714762229,NA,NA,0.802972345294213,NA,NA,1.04167345697245,NA,NA
"1908",1.15944609568452,0.869569123648656,NA,0.719493351417267,0.932972072843692,NA,NA,0.829673741951658,NA,NA
"1909",1.05193092688093,0.991179548093417,NA,1.18705465915381,0.708800384854978,NA,NA,1.06730716556172,NA,NA
"1910",1.07904297928567,1.19896830701312,NA,1.08247447471681,0.888471941948235,NA,NA,0.860163052583782,NA,NA
"1911",0.876678187370127,1.19457448388471,NA,1.04450496417362,1.10927327915232,NA,NA,0.734638973817739,NA,NA
"1912",0.9906970980035,1.31757185846141,NA,1.19301999936027,0.989308584900392,NA,NA,0.950957247483775,NA,NA
"1913",1.23378143537192,0.992805128157564,NA,1.15644178962115,1.03593321153644,NA,NA,1.11737031366839,NA,NA
"1914",1.06885229095646,1.03163281595211,NA,1.13565329146284,1.12316010662948,NA,NA,1.04554175204911,NA,NA
"1915",1.08930814019043,0.737880091039058,NA,0.976901746662947,1.24291693720135,NA,NA,1.12456273886029,NA,NA
"1916",1.1814174149261,0.904132754799772,NA,0.835595008807253,1.07581569755959,NA,NA,0.998321123848268,NA,NA
"1917",0.732586858968032,0.851292866527766,NA,0.895041982981311,1.1240924833819,NA,NA,1.0904606404769,NA,NA
"1918",0.902193001990851,0.903181243327219,NA,0.728671118634928,1.09929508248091,NA,NA,0.939941282086291,NA,NA
"1919",0.811787468642988,0.79192064810735,0.725843548333713,0.739329235743312,0.953444704748406,NA,NA,0.994215791531802,NA,NA
"1920",1.03788950519371,0.843818295198188,0.734949666686299,0.893524187883712,0.933033788402364,NA,NA,1.19674090118565,NA,NA
"1921",0.870823035727742,1.03984428379752,0.984203989577022,0.799030316529538,1.0029270733198,NA,NA,0.852918600318226,NA,NA
"1922",0.924245589883251,0.98591023110333,2.23227996711663,0.983415406005023,1.24621506635938,NA,NA,0.986999578030349,NA,NA
"1923",0.959523870659004,0.955372560529983,1.0036172561934,1.08890650685966,1.06567171461431,NA,NA,0.8137392516858,NA,NA
"1924",0.903996228331532,0.826269464629795,0.877277800169216,1.04798181952635,0.907699953243279,NA,NA,0.993481538442637,NA,NA
"1925",1.02808363606414,1.07674343329638,0.884517048348177,1.40828044853456,0.805548349618632,NA,0.737980376028037,1.00309442492859,NA,NA
"1926",1.03362653135605,0.968237282001217,0.862777850150285,1.14492184894625,0.994442553570242,NA,1.39579318779222,0.958162095620306,NA,NA
"1927",0.97854886066575,0.827546702549682,1.06940994153067,1.17408580328437,0.986234241736464,NA,1.02713113508521,0.905619525736291,NA,NA
"1928",0.994254735337075,1.1474091442074,1.06241165041492,1.07089025187882,1.08712598084915,NA,0.73051205965356,1.18644262974042,NA,NA
"1929",0.814351419134785,1.03730699336898,0.698534724975004,1.0801029907207,1.04035540975684,NA,1.02714851137697,0.814205582391595,NA,NA
"1930",0.950240652662108,1.40165698070122,0.98986113549388,0.857463977908698,0.983074084476507,NA,0.88932323290341,0.851646372139112,NA,NA
"1931",1.31400573898103,1.21388655860378,0.905758178323822,1.00463851618133,0.828137883503434,NA,1.01533070661637,1.14870811284159,NA,NA
"1932",1.11422792978055,1.13531450850156,0.921095886475903,0.949609452467772,1.16161504831835,NA,1.47725441940762,1.1299116095839,NA,NA
"1933",0.910764432528523,1.09349069493247,0.834308839404506,0.825878448210516,0.956581807110269,NA,0.908329051481608,0.726997733299627,0.985058211512883,NA
"1934",1.12792430431754,1.31005846741052,0.685889188752763,0.815257012576874,0.95320782001539,NA,0.787355251990998,1.02255741291788,1.03280998242664,NA
"1935",0.887534340897082,1.59022114268047,0.982005690047297,0.893920965615031,0.881708541775228,NA,0.775847539659492,1.03707563266779,0.86629708914988,NA
"1936",1.20992359093974,1.26934054289544,0.916640003880199,1.10156500814898,0.874811522370023,NA,0.963586482250688,1.08497765154722,0.981788978807709,NA
"1937",1.03641858786512,0.34350412239941,0.906009837905885,0.93863503958322,1.28276084434515,NA,0.829019247692537,0.99374081476364,1.00723782416336,1.0286602729867
"1938",0.983549367105425,0.395988336708106,1.02325866310074,0.972747174758157,0.934670960196739,NA,1.10934268946953,1.02011731897668,1.13256271542202,0.820538831158363
"1939",0.909068255128272,0.286465821163521,0.906456658200139,0.841589913485719,0.674575782466107,NA,1.16376748378877,1.15102713774835,1.08220117534148,0.657946325524363
"1940",0.987828559151927,0.450822458847796,1.14806137368816,0.970452221887326,1.0977418091904,NA,0.972406021721571,1.23781768098698,0.900652604668562,0.938632329928399
"1941",0.936478019145982,1.03278105531599,1.11033404149471,1.15261257316244,1.09904925599991,1.27439904955817,1.14383760667112,0.960948920808266,0.923367964666839,1.17794201583861
"1942",1.21774174220459,0.919884555542305,1.37923691657161,1.03583040435783,0.834155585117791,1.28638267985413,1.18163526463305,0.940908392708048,0.946630562763556,1.1526084360725
"1943",1.11097683929881,1.21839028498361,0.917915599866603,1.04718139315764,1.18145854721725,1.09963163801104,1.21566547999526,1.22268229120712,1.05071989721498,1.07643538928499
"1944",0.883977647633226,1.88026840961271,0.97919855093801,0.956671599079632,1.01310362745074,0.750041287163817,1.03859128800223,1.13169735655183,0.963323217839144,1.08621585024522
"1945",0.850978543430687,1.31465276574745,1.15140074034073,1.12303472592488,1.01078307409806,0.828240003714788,1.1102530227858,0.000533617350279922,1.01928537005284,1.002543797537
"1946",0.940977653310505,1.0627587904468,1.1030712924709,1.18148124304775,1.40711257420813,1.04982788102415,1.22469077396297,0.954313688621892,1.26315368211673,1.05646599819833
"1947",0.846498892261322,0.889865726142791,0.928978867361744,0.971767671298185,1.19348432258052,0.967933192549367,0.998322063814514,0.873633299854032,1.01976474145484,1.11088440983292
"1948",1.02818606720645,0.810860732767957,1.28110381267199,1.02108437492719,0.844988488637958,0.837086817167371,0.915052252679255,1.23279275494364,0.976809289911607,0.984093471386619
"1949",1.04425377577381,0.715371936361731,1.29761877957728,1.00367862570717,0.892087582197201,0.855535641263418,0.672665898346903,1.28678484537647,0.926699114352341,0.82962114889648
"1950",1.02992017509126,0.688407192094801,1.09657724602036,1.00704871953587,0.855340928836511,1.09933524147711,0.61497815670524,0.949525188944517,1.10543956394704,1.14114352486136
"1951",1.03747490366405,0.804158049788012,1.10129596822225,0.898219538011593,1.26274447007566,0.880177985314104,0.768532038243927,1.12055112568925,1.08115584272863,0.846887462563766
"1952",0.967092237033934,0.986332273619079,0.783750338838906,0.958864972865785,0.850547073478607,0.819933247380439,0.785734067810036,1.1077472696556,0.836834593812012,0.817400255943447
"1953",1.06237556965462,1.18677179630501,0.644675436977213,1.25945307689326,0.689445922508711,0.948738672686106,0.922786711551478,0.984108654678491,1.02619610762227,1.06726383611502
"1954",1.09433485764863,1.11386740275139,0.754036063974042,1.06669966851961,0.656278149773696,0.982709961461372,1.22237901863137,0.949238908331412,0.956920187739552,1.10744532741926
"1955",0.823297238875172,1.05316377689332,0.769789204903617,0.979177057190846,0.898653120109734,0.78058347254078,1.10464808240946,1.0391837601679,0.844743899165273,0.881063141164792
"1956",0.830005383758709,1.03210852240761,0.817790453453355,0.987748083435185,0.927862672281036,0.77837377541173,1.21029585365903,1.19848292118445,0.907518654535502,0.933461416399958
"1957",0.973366928583013,0.655342239846506,0.955951008929273,1.10564798628351,0.957131996788026,0.843718326555772,0.875473678254322,1.00260578225335,0.978803738822048,1.04392892754288
"1958",1.21558534500754,0.654453082601132,1.03901626581815,1.28842873413124,1.26332260016318,1.00536190559575,1.24936956069938,0.899555139081936,1.27178105458211,1.02255015251157
"1959",1.02396453837363,0.93373874573222,0.94707704678552,0.73532299475019,1.11356992445194,1.11501057931069,1.02920857995937,0.88529938437027,0.912279296201619,1.14509022519351
"1960",0.905626760069054,1.19912153827851,0.820817166747915,0.962561805113818,0.745895472682311,1.08228361888249,0.996199022229906,0.674732558201767,0.861678856354051,1.36812317296188
"1961",0.795806089164937,1.04858089725192,0.848593222794863,0.574466428362253,0.745479157828489,0.950153711893398,0.736578044633501,0.986195285037833,0.69923716049262,1.2910133934879
"1962",0.86356798703892,1.0224655515187,1.11209008565623,0.821120892939994,0.808384682376666,0.997005232796073,0.990755070770827,1.05001603008747,1.07317661724245,0.884690359504591
"1963",1.36442524212327,0.799780353234063,0.954860259165856,0.767310457596059,1.12112829962039,1.31180322601034,0.923883101851162,0.996213567868049,1.40234003063958,0.930329783979305
"1964",1.2264372527613,1.06307679880276,1.19640411535621,1.133925994594,1.36797291155014,1.44178289747625,0.969047201392491,1.03161047635144,1.16710087620589,0.828651643801898
"1965",1.13985380233279,1.16552758329279,1.39095253853088,0.941076869435879,1.19433214401633,1.38759500781473,1.16345798836602,1.0872279226948,1.21451521322616,0.904129412050133
"1966",1.01950331588811,1.05549867034754,1.29019121579496,1.33127495944201,1.06964603742034,1.31929700639769,1.00240815626924,0.952510674682623,1.18706934391827,1.36588397231225
"1967",0.973975874723687,1.08986201778366,1.18804076042845,1.09100427048198,0.920626625780513,1.02309968965559,1.04210755897139,1.155178650387,1.00908322671608,1.11959409831486
"1968",1.0071154777837,1.34337010780216,0.746618457780726,1.14315800710682,0.93234547975487,0.927087399240225,0.964457000641775,1.18494613856319,0.922103136011305,0.966849530192378
"1969",0.872837175523131,1.19459107799513,1.34927025223907,1.31448638681391,1.03232491066853,0.840292460420407,1.0800390602809,1.05320588936891,0.914079569540629,0.80407657727158
"1970",1.21179149342579,1.22509570024533,1.07471970067718,1.00724321921045,1.13312616594968,1.06398435162029,0.790598518049319,1.21761696825611,1.06399892292324,0.790105223491613
"1971",0.791333609280891,0.994364965566901,0.966476114994449,0.822423000397018,1.30246932659104,0.940115054256218,0.90560313876511,1.0453030157953,0.632964290728997,0.699044104125102
"1972",0.939715388436169,1.01207771875554,0.718565637363247,0.743615434333933,0.868829029758617,0.947317718919931,0.936698515596508,1.36148337744517,0.746773195757495,0.71269476345585
"1973",0.942568365376319,0.79670597213142,1.12654205973804,0.954055706268271,1.04491897700809,0.876429969319641,1.08771878350124,1.44047629400817,0.776572615418995,0.940879861709463
"1974",1.0827994073653,0.979319208712244,1.17888113992568,1.13270034242643,1.12551214228845,1.00661353907344,1.36261663120084,1.26086194457126,1.02698710520294,1.16120917813004
"1975",0.970205668820656,1.05926668657686,0.849990385092381,0.953668921962959,1.22001724167274,0.92206940581482,1.24025071878459,0.859766522442824,0.936030863016311,0.97773046851848
"1976",1.04930942628192,1.16732861412154,0.986860619678641,0.72876667694287,1.04104403395953,0.89530110918472,1.11887257024681,1.09672781091082,0.921888887285755,0.892088496156648
"1977",0.71940157311415,1.14492424769951,0.987438076310342,0.602989912991548,1.01736780487126,0.587661677079631,0.713622759322283,1.21677825357369,0.561400240617196,0.835750625133332
"1978",1.05969147761141,1.21291301958964,1.45661588658731,1.22511904916157,1.00831793337587,0.819698524594813,0.883052125406317,1.6634629711683,0.821536193522923,1.17453481254073
"1979",0.927267368473179,0.940917029934829,0.746993998145177,0.851615289082366,1.19071395155127,0.702378393273701,0.778655425779738,0.346162559650346,1.22789211656509,0.906957217431168
"1980",0.916498143035837,0.901239804649918,1.17946169944831,1.32444263549923,1.32990264197053,0.890696242189708,1.07257975854412,0.357592415635938,1.27327224648804,1.10893815046189
"1981",0.982432459725459,0.464034144189709,0.564033339539964,0.788016368055077,1.34323843343517,0.700929391515347,0.927140998991999,0.12974187944466,1.03413668245055,1.09637195479939
"1982",1.07061930135963,0.704940330773099,0.56925475434357,0.935010478532128,0.27938033389839,0.722354170901791,1.04169434845525,0.151711090643737,1.19842457168402,1.13026567606775
"1983",0.806633034984262,0.588590428302214,0.641334375339494,0.90813952216689,0.306435439823653,0.846764837940218,1.07206402494751,0.143066051965627,1.13531440105139,0.858014598429084
"1984",1.08562034679353,0.914320785652153,0.833866498389204,1.11178386210166,0.412805518248781,1.70407144894181,1.07330727649582,0.234024478890401,1.09953588720092,1.07515406427621
"1985",0.986059775291283,0.866906328570431,0.667242681037354,0.898794980162045,0.384991431091391,0.91999807927192,1.31777162957414,0.242901375902549,0.75759589799974,0.671643885310404
"1986",1.18761564355588,1.16156680537292,1.02649664493134,1.21341798188496,0.605532862704412,1.13581243300405,1.15393560061147,0.805986239641508,1.32341835151762,1.0157788777237
"1987",1.20022092301918,0.863748220445348,0.971392409502332,0.971316669768429,0.764114670431174,1.02595696086955,0.848983229235319,0.992016633842952,1.19883612695439,0.940565433832896
"1988",1.02908955761699,1.28551321786443,1.037704105583,0.946342386966926,0.715344141599565,0.994195362326001,0.878699986301108,0.811978768212328,0.995076420774291,0.819241896566041
"1989",0.851561713356736,0.628600060594202,0.754745460181076,0.95993530492859,0.817419794460295,0.956397840576339,0.553059868819539,1.01401386391433,0.787147560341018,0.906174295676123
"1990",0.956875809772638,0.727610946649787,1.1037138307655,1.36218373790298,1.50241915399221,1.28149468855169,0.830649352018955,1.4250420142533,1.09536104180407,1.0184411527969
"1991",1.05835589803696,0.732494180643986,0.925505891167186,0.949050452587538,1.51249582735824,0.954365173898473,0.914539361887838,1.21947899078031,1.0837484359839,1.24555333296821
"1992",1.16277281842876,1.02610026752203,1.17900941055136,0.998478531011559,1.6075276345717,1.22499414624237,1.17486064055735,1.21124496257823,1.05054797302894,1.57282792634848
"1993",0.949491890633414,1.30233325616552,1.3896763111951,0.911217955865018,1.32772633395664,1.57279823594209,0.97252672513144,1.30374068922729,0.76022465951208,1.27126225312969
"1994",0.955656278184831,0.908119502332666,1.28453734946933,1.0580827084229,1.18575946282233,1.01962501002961,1.07816982039841,1.16957606310848,0.814665448379276,0.888891261051613
"1995",0.923847377844926,1.18219550769128,0.997592517494742,1.02814430206054,1.18766091627992,0.812997996314466,1.11525871843509,1.19466565095813,0.98023173951311,0.884604532469178
"1996",0.88290667830446,1.00005530496547,1.26687952365985,1.21685447969529,1.38055334599075,1.04812195097318,1.24544163395983,1.44266480973789,1.28801485317058,1.35689704462026
"1997",1.0704253516015,1.58649124412942,0.788674285512386,0.824059420280575,1.20767798898355,1.0214267241548,1.16304836435993,1.07317586795234,1.25667575799643,1.16861399325946
"1998",1.05515014120035,0.876500357597441,0.938925771068884,0.878228866861545,0.802210864363666,0.751197772577469,0.912362157410008,0.913504026831124,0.905968513795524,0.697854444245782
"1999",1.06877562773827,1.52847049744405,1.04289695590645,1.02175956017857,1.23612734410194,0.872031431515637,1.25959349171718,1.15537173864291,1.02536908494176,0.495943246905179
"2000",1.00725796866153,0.846123922799038,1.09122923590269,1.12252284972046,1.08664573223636,0.98412112109772,1.22511610216726,1.04532373034783,0.96664945003882,0.699799941146137
"2001",0.924240030714428,1.29535929073047,0.96283369954387,0.701806057045921,0.359208200801502,0.943267939050273,0.807399782884211,0.930745827042173,0.766598448759981,0.738728252335004
"2002",0.895009932045123,0.826062949613509,1.00348110108598,0.941083500695233,0.411202114610189,1.01496615687167,0.814353065552279,0.950091248952134,0.735416846670924,0.969484888220281
"2003",0.900551641874446,0.828843091831957,1.06184144422426,1.06312536614963,0.550647724726237,1.10076659017466,0.888831248935119,1.18871450619115,0.921956038005585,1.23975903713234
"2004",1.03501330273538,0.949691406421085,0.883708259414626,0.842797185764495,0.723770732644386,0.950468559771062,0.928773312549092,1.11381850287932,1.2019944533561,1.48818418982843
"2005",1.0603010092639,1.27288697368025,1.00480510981932,1.10184326878479,0.84151109660534,1.08783953823799,1.08745998089884,0.933088157833255,1.11388772119858,1.0461778210533
"2006",1.07712373353373,0.930446469844954,1.01618672449242,1.06012261496911,1.10270882802621,1.05509684192124,0.987432522299494,1.07764799573997,1.09872085277989,0.977815099762872
"2007",1.07936805699335,1.11443856518392,0.718638006934348,0.979878308341671,1.4831325401517,0.807247086047288,1.04515521230239,1.08286168987097,1.21805068612827,1.0400713451968
"2008",0.93440653318775,0.671112695595337,0.990973873426679,1.11250272255653,1.25436437115545,0.787072590132205,1.0068471890891,0.648140461019734,0.695358088072233,0.732324793775553
"2009",0.703746694625189,1.09914108502126,1.13742519340174,0.967731594887292,1.00300456834805,0.814214240418694,0.960188807227266,0.589016650893806,0.693104063466378,0.803560436874743
"2010",1.10905027330587,1.00977905240737,0.857184155877111,0.947702831786798,1.10839492976915,0.924468638985044,1.01277328538722,0.686767380740601,0.848115273522659,1.06471052521345
"2011",1.18402776057377,0.958192939578775,1.0174199871568,1.27096637532078,1.06996789622103,0.95724095514991,1.11721716941745,0.92339597709911,0.911286652173622,0.959677054477234
"2012",1.22667827128902,1.17858813854571,1.00638156802699,1.06557505692336,0.958418706629292,1.06685511685781,1.02747100502121,1.00795684129133,1.12042247159796,1.0576590398793
"2013",0.922396130006147,0.798775159738557,0.826941910791074,1.01859254040465,0.982683803392002,1.00833118585092,0.725151554834352,0.890173284563989,0.974364742049945,0.896493574932781
"2014",0.897341353680972,0.745027555951744,1.22356669296913,1.00279944953991,0.837008194996848,1.02932165629284,0.727190936417716,0.955514994928653,0.793945205433463,0.961813665604486
"2015",0.879619595261574,0.833355328095623,1.16881255399891,0.982989181722491,1.09305689845127,1.04178880122037,0.851737035560331,1.07581853976103,0.988734527473504,1.3460009393865
"2016",1.08763611010806,0.739146899745453,1.04522211432811,1.01257336670722,0.896644263016423,1.25863581062267,0.844117732230146,1.15051272107378,0.905584560457309,1.36540667589505
"2017",1.18626028935191,1.14244043073913,1.29089684947776,1.14787140216722,1.06298801493226,1.24767340743636,1.17588427721745,0.919453031494188,1.32034096653545,1.34897710822645
"2018",1.25497162689825,0.367632874489352,1.09187598677948,0.869421192196611,0.859899793762774,1.01491083748889,0.908497398277151,1.08615042520172,1.61484274794414,1.14857210794678
"2019",0.718147785953314,0.852994589837091,0.923713931088474,0.864961982442687,0.966875927091294,0.681681373936189,1.00108255698843,0.94000921300266,1.11813779057676,0.507021756874449
"2020",1.06959708784196,1.0141286631344,0.902167803457649,1.11603045598673,1.0084357628947,0.926862020855411,1.17517614028163,1.04290870671934,1.19757710522198,0.880043243438452
"2021",0.777200242976705,0.503520828057445,0.637157311423653,0.818244053383169,0.749569875431469,0.968754281850731,0.894823504938407,0.894257322106042,0.821207705943449,0.76994785765272
"2022",0.977015840535998,3.02393317081048,1.22861177586694,1.13812434192386,1.17419830907185,1.13164227336628,1.17138919319476,1.26288689639395,0.86264843554007,1.05505894603226
"2023",0.996650589624701,31.0216341347843,0.791697188152467,0.843261128747057,1.20288019527442,0.984770424007529,1.08932571833919,0.981970097701168,0.691410043685423,0.846958715592065
