"","CF_T10r","CF_T11i","CF_T15i","CF_T16r","CF_T19i","CF_T1r","CF_T20r","CF_T2i","CF_T5r","CF_T6i"
"1877",NA,NA,NA,NA,NA,NA,NA,0.685896878951992,NA,NA
"1878",NA,NA,NA,NA,NA,NA,NA,0.733200111983164,NA,NA
"1879",NA,NA,NA,NA,NA,NA,NA,0.794694314923687,NA,NA
"1880",NA,NA,NA,NA,NA,NA,NA,0.879840134379797,NA,NA
"1881",NA,NA,NA,NA,NA,NA,NA,0.804154961529922,NA,NA
"1882",NA,NA,NA,NA,NA,NA,NA,0.860918841167328,NA,NA
"1883",NA,NA,NA,NA,NA,NA,NA,0.558178149767828,NA,NA
"1884",NA,NA,NA,NA,NA,NA,NA,0.591290412889648,NA,NA
"1885",NA,NA,NA,NA,NA,NA,NA,0.633863322617703,NA,NA
"1886",NA,NA,NA,NA,NA,NA,NA,0.553447826464711,NA,NA
"1887",NA,NA,NA,NA,NA,NA,NA,0.591290412889648,NA,NA
"1888",NA,0.621950052376646,NA,NA,NA,NA,NA,0.747391081892515,NA,NA
"1889",NA,0.782165148441872,NA,NA,NA,NA,NA,0.695357525558226,NA,NA
"1890",NA,0.784960300738256,NA,NA,NA,NA,NA,0.610211706102117,NA,NA
"1891",NA,0.816630161654919,NA,NA,NA,NA,NA,0.894031104289148,NA,NA
"1892",NA,1.2968674728828,NA,NA,0.952594188197495,NA,NA,0.851458194561094,NA,NA
"1893",NA,1.53172314736303,NA,NA,1.09315167102108,NA,NA,0.643323969223937,NA,NA
"1894",NA,0.885370430023824,NA,NA,1.03031448600376,NA,NA,0.946064660623437,NA,NA
"1895",NA,0.751980911602956,NA,NA,1.05129959072556,NA,NA,0.818345931439273,NA,NA
"1896",NA,0.946239659931239,NA,NA,0.896271981045892,NA,NA,0.728469788680047,NA,NA
"1897",NA,1.61821009165685,NA,NA,0.829055510507942,NA,NA,0.832536901348625,NA,NA
"1898",NA,1.10906838657396,NA,NA,0.978193930700093,NA,NA,0.903491750895383,NA,NA
"1899",NA,0.966860089545147,NA,NA,1.07545492928565,NA,NA,1.05959241989825,NA,NA
"1900",NA,0.853401221278586,NA,NA,1.08051896609663,NA,NA,0.97444660044214,NA,NA
"1901",NA,0.831915161274877,NA,NA,1.10971716096681,NA,NA,0.799424638226804,NA,NA
"1902",0.730281690140845,0.954902979248319,NA,NA,1.18324334034466,NA,NA,0.894031104289148,NA,NA
"1903",0.823356807511737,1.10419804982792,NA,NA,0.999084798289243,NA,NA,0.903491750895383,NA,NA
"1904",1.06678403755869,1.47129007108899,NA,NA,0.907313837116957,NA,NA,1.04067112668578,NA,NA
"1905",0.844835680751174,1.20634952075623,NA,NA,0.734634238106873,NA,NA,1.16838985586995,NA,NA
"1906",0.801877934272301,1.28005880892258,NA,NA,0.638384069418526,NA,NA,1.02174983347331,NA,NA
"1907",1.1705985915493,0.970740403469106,NA,NA,0.752252243443681,NA,NA,0.960255630532789,NA,NA
"1908",1.09542253521127,0.983737045221332,NA,0.639645855075981,0.878488927909026,NA,NA,0.761582051801867,NA,NA
"1909",0.99518779342723,1.11588276705592,NA,1.05897135945294,0.672683965436816,NA,NA,0.97444660044214,NA,NA
"1910",1.02024647887324,1.34010328326279,NA,0.968631082416519,0.851822545917021,NA,NA,0.780503345014336,NA,NA
"1911",0.82693661971831,1.32210309365559,NA,0.936978820845726,1.07597697590401,NA,NA,0.662245262436406,NA,NA
"1912",0.93075117370892,1.44007047629545,NA,1.07221244929146,0.971365544271439,NA,NA,0.851458194561094,NA,NA
"1913",1.15269953051643,1.0690170866611,NA,1.04073135625296,1.02927974220285,NA,NA,0.993367893654609,NA,NA
"1914",0.991607981220657,1.09246021279316,NA,1.02317327042617,1.12803144522192,NA,NA,0.922413044107851,NA,NA
"1915",1.00234741784038,0.767789147750587,NA,0.881446619362605,1.25958903990131,NA,NA,0.983907247048375,NA,NA
"1916",1.0775234741784,0.924438533981661,NA,0.755895110732371,1.09762010688484,NA,NA,0.865649164470445,NA,NA
"1917",0.662265258215962,0.855951721653227,NA,0.813254362777497,1.15180427964412,NA,NA,0.936604014017203,NA,NA
"1918",0.809037558685446,0.894273536793893,NA,0.666594722141586,1.12841510973802,NA,NA,0.799424638226804,NA,NA
"1919",0.7231220657277,0.773578513688609,0.702549312574444,0.682780382188329,0.978111510058323,NA,NA,0.837267224651742,NA,NA
"1920",0.920011737089202,0.814950612504344,0.724255658775844,0.835215198129193,0.95450338953557,NA,NA,0.998098216957726,NA,NA
"1921",0.769659624413146,0.995069378535004,0.984363199737087,0.757619763350217,1.021062707556,NA,NA,0.704818172164461,NA,NA
"1922",0.816197183098591,0.936656204692077,2.25683005484783,0.947289853491423,1.26015331396337,NA,NA,0.808885284833039,NA,NA
"1923",0.848415492957747,0.902658466905647,1.02070339327724,1.06629730395724,1.06829385735824,NA,NA,0.662245262436406,NA,NA
"1924",0.801877934272301,0.777507643964229,0.893566990875413,1.04299656181934,0.900729324094662,NA,NA,0.804154961529922,NA,NA
"1925",0.916431924882629,1.01012043777408,0.89902791676257,1.42307926920055,0.790468651300732,NA,0.676803687307305,0.808885284833039,NA,NA
"1926",0.927171361502347,0.905943026829585,0.872555132963149,1.17286710184617,0.964346143427341,NA,1.31015614102595,0.771042698408101,NA,NA
"1927",0.884213615023474,0.772110748555183,1.07379777646421,1.21724821958951,0.944684249481353,NA,0.984997862242872,0.728469788680047,NA,NA
"1928",0.905692488262911,1.06653097028895,1.05756032409966,1.12195792349738,1.02821769892278,NA,0.714558248348706,0.955525307229672,NA,NA
"1929",0.748180751173709,0.958823195187726,0.688886710277918,1.14225012897719,0.9713786671198,NA,1.02337455656936,0.657514939133289,NA,NA
"1930",0.880633802816901,1.28495379751439,0.967425269807314,0.914763732210682,0.906150263963825,NA,0.901217932711652,0.690627202255109,NA,NA
"1931",1.22787558685446,1.0998959214766,0.878250198417401,1.08112860164231,0.753812506624694,NA,1.04491783529399,0.936604014017203,NA,NA
"1932",1.04888497652582,1.01292120593242,0.88772117566171,1.03123060455833,1.04478943767016,NA,1.54128832105174,0.927143367410968,NA,NA
"1933",0.862734741784038,0.956961703823603,0.801225413583528,0.905753353014627,0.850783021613559,NA,0.959032981775911,0.600751059495883,0.983160397589184,NA
"1934",1.07394366197183,1.12042544751373,0.658343999335231,0.903941177898351,0.839176827830912,NA,0.840012819703985,0.851458194561094,1.03469863700862,NA
"1935",0.848415492957747,1.32466818893899,0.94513198253472,1.00320942272907,0.769327829816296,NA,0.835459958971479,0.870379487773562,0.871149355859145,NA
"1936",1.15985915492958,1.0273532528935,0.887300121072056,1.2524492133213,0.757616011970853,NA,1.04617514610246,0.917682720804734,0.990994511327938,NA
"1937",0.99518779342723,0.269957342543703,0.884358730897308,1.0818755393705,1.10423654261645,NA,0.906293872282258,0.846727871257976,1.02034046836717,0.796593482327459
"1938",0.945070422535211,0.302722956610319,1.00918707680153,1.13703690812906,0.800859621605295,NA,1.21904784110989,0.87510981107668,1.15102291267308,0.659545141281875
"1939",0.873474178403756,0.213835090282321,0.904388590296338,0.997717250332191,0.576200494947585,NA,1.28260399957957,0.993367893654609,1.1028537501287,0.548193364182337
"1940",0.948650234741784,0.330234848498355,1.15921321380507,1.16652766944219,0.936229616916881,NA,1.07192182639751,1.0737833898076,0.919882125806524,0.809441764300482
"1941",0.898532863849765,0.746265130600151,1.13400792862209,1.40369807729559,0.937179193347859,0.858071536985595,1.25733587557357,0.837267224651742,0.944772581844127,1.04927636113026
"1942",1.16701877934272,0.658669046845177,1.4229999714715,1.27635011597853,0.711974190417239,0.848563819124259,1.2909109189222,0.82307625474239,0.969877568722017,1.0578418824456
"1943",1.06320422535211,0.867683562658881,0.954941653203111,1.30331545295797,1.01035391486377,0.710701910134884,1.31535409248134,1.0737833898076,1.07735080483729,1.01501427586886
"1944",0.844835680751174,1.33531126181475,1.02514396370638,1.20022406998172,0.86869723063515,0.475385893066812,1.10922547023902,0.998098216957726,0.987739109625747,1.04927636113026
"1945",0.812617370892019,0.932847342671902,1.21042891976599,1.41701607638989,0.869581901072494,0.515793693977491,1.16688995054375,0.000473032330311719,1.04414014855767,0.989317711922812
"1946",0.898532863849765,0.755174082508988,1.161698477953,1.4954731391942,1.21529159632363,0.64414788510553,1.26348163247922,0.851458194561094,1.29127960752034,1.06212464310328
"1947",0.809037558685446,0.635168552005527,0.977775051926164,1.23057712319522,1.03552530442771,0.587101577937513,1.00916022045725,0.785233668317453,1.03900665217755,1.13493157428375
"1948",0.984448356807512,0.583725211092397,1.34450885025755,1.29015659140304,0.737406678423752,0.503909046650821,0.905627792621548,1.11635629953566,0.990823174750549,1.01929703652653
"1949",1.00234741784038,0.52187036022019,1.35493924488608,1.26202097768799,0.78455938937251,0.513416764512157,0.65208373336978,1.17312017917306,0.934982242164059,0.869400413507926
"1950",0.991607981220657,0.511544975749552,1.13721606424565,1.25685735818786,0.760028191051871,0.660786391362868,0.58484919829596,0.870379487773562,1.10859067937628,1.20773850546421
"1951",1.00234741784038,0.611760199011105,1.13330843243032,1.10985898373635,1.13698372387763,0.532432200234829,0.718689652227225,1.03121048007955,1.07709058838809,0.903662498769322
"1952",0.937910798122066,0.771613591487512,0.800478232148618,1.16998040209062,0.778511474550466,0.501532117185486,0.724403368635653,1.02174983347331,0.827941577904413,0.877965934823275
"1953",1.03456572769953,0.958147365866949,0.654428518064572,1.51345277664132,0.643778497885471,0.589478507402847,0.840814777017486,0.9082220741985,1.00832866744056,1.15206261691444
"1954",1.07036384976526,0.930593991049265,0.762633448853276,1.25879600168242,0.627481226447083,0.622755519917524,1.10295797805865,0.87510981107668,0.9340469129412,1.19917298414886
"1955",0.809037558685446,0.912404962796705,0.778004860748816,1.13161459509546,0.882772828328435,0.506285976116155,0.988387378782095,0.955525307229672,0.819474849777001,0.955055626661416
"1956",0.819776995305164,0.928760606693824,0.828464648078475,1.11506433758279,0.938912144297889,0.518170623442825,1.07487830573127,1.09743500632319,0.87546241652895,1.01073151521118
"1957",0.966549295774648,0.61336901377662,0.973448600892404,1.21640767976702,0.999420069422135,0.577593860076176,0.772307318528222,0.912952397501617,0.939461593797535,1.1263660529684
"1958",1.21355633802817,0.637755670303086,1.06595030798887,1.37860151040606,1.36231696586527,0.70832498066955,1.09551045970252,0.813615608136156,1.21490440986288,1.09638672836467
"1959",1.02740610328639,0.947697264937564,0.980517464226892,0.763997159959191,1.2401368752157,0.80815601821358,0.897603412852737,0.794694314923687,0.867501142423342,1.21630402677956
"1960",0.912852112676056,1.26671278854876,0.858463965011349,0.970417364832416,0.857475260417836,0.805779088748246,0.864834878981878,0.600751059495883,0.815815104538015,1.43472482032096
"1961",0.805457746478873,1.15096657127464,0.89686959270519,0.561978519581947,0.883985742144485,0.724963486926888,0.637199797324667,0.870379487773562,0.659279195117674,1.33193856453677
"1962",0.877053990610329,1.16341631334566,1.18708100539327,0.779970499782123,0.987499157322291,0.777255935164237,0.855151653263366,0.917682720804734,1.0076486650048,0.895096977453973
"1963",1.38896713615023,0.9406803564319,1.02776743191377,0.708353976352501,1.40789723861278,1.04109510581632,0.796587306429945,0.860918841167328,1.31049706392576,0.92079354140002
"1964",1.2493544600939,1.28816581594096,1.29519290188885,1.01816097328004,1.76062820057926,1.15994157908302,0.835498711679133,0.879840134379797,1.08437096755226,0.800876242985133
"1965",1.15985915492958,1.44926086929173,1.50922377912068,0.822206141473592,1.56948857441223,1.12666456656834,1.00384488308024,0.912952397501617,1.12068845133073,0.852269370877228
"1966",1.03456572769953,1.34073081906599,1.39723621497651,1.13173618374696,1.42946332391815,1.07674904779633,0.865936302622141,0.785233668317453,1.08697536542372,1.25484887269863
"1967",0.984448356807512,1.40733377741618,1.27854749962688,0.902089784734777,1.24617479269684,0.836679171797589,0.901645764364556,0.931873690714086,0.916735863854974,1.00216599389584
"1968",1.01308685446009,1.75434527513413,0.795096638634648,0.918874750607304,1.27328413382692,0.758240499441565,0.836014374830851,0.931873690714086,0.831698507383858,0.843703849561879
"1969",0.873474178403756,1.56930700391985,1.41631977682415,1.02674437425673,1.41671547790189,0.686932615481543,0.938180186951505,0.804154961529922,0.819885913752698,0.685241705227922
"1970",1.20639671361502,1.61053788165721,1.10784925947317,0.764530184757918,1.55613596545777,0.869956184312266,0.688347499266398,0.898761427592265,0.951476309070289,0.659545141281875
"1971",0.783978873239437,1.30191588019391,0.975179256943061,0.607104954185692,1.78215084918235,0.770125146768235,0.790445737105107,0.742660758589398,0.566219036132669,0.573889928128384
"1972",0.927171361502347,1.31428200262373,0.707836290284644,0.534817410742184,1.17926553028026,0.779632864629571,0.819578769146684,0.927143367410968,0.67101588406487,0.578172688786059
"1973",0.927171361502347,1.02259951721637,1.08122782379096,0.670296909268114,1.4010350197994,0.727340416392222,0.953599978562902,0.936604014017203,0.704025071043933,0.758048636408388
"1974",1.06320422535211,1.23891342832377,1.10064586330326,0.779917407357728,1.48475091413461,0.846186889658925,1.19587139412739,0.780503345014336,0.943392528110403,0.933641823373043
"1975",0.952230046948357,1.31767994060097,0.771155357658067,0.645957235955055,1.57730922667191,0.789140582490908,1.08831313822304,0.506144593433539,0.874570136736156,0.78802796101211
"1976",1.03098591549296,1.42512717119235,0.869808795191741,0.487725478056518,1.31436064467859,0.784386723560239,0.980597447798905,0.614942029405234,0.87898614325777,0.723786551146992
"1977",0.708802816901408,1.36996298192404,0.845958605633105,0.400699738238257,1.25060840848822,0.530055270769495,0.624296733398838,0.652784615830172,0.547682079205552,0.685241705227922
"1978",1.04888497652582,1.42173993481378,1.2146261570278,0.81244757530327,1.20410967308671,0.765371287837567,0.77113317381198,0.860918841167328,0.821564276377786,0.976469429949788
"1979",0.923591549295775,1.08119915012143,0.607708165684055,0.566222542930788,1.37944198559599,0.682178756550875,0.678981636032551,0.175021962215336,1.25951760662576,0.766614157723737
"1980",0.920011737089202,1.01751323136591,0.939746650112756,0.886664578194132,1.49415854668985,0.903233196826942,0.934322944428653,0.179752285518453,1.33867117999879,0.955055626661416
"1981",0.99518779342723,0.516765363426782,0.442476514406058,0.53322087098888,1.46521282110775,0.74397892264956,0.807027886995806,0.0662245262436406,1.11244226246576,0.963621147976765
"1982",1.09542253521127,0.778536318662593,0.442699669360503,0.641780685107802,0.296844974215277,0.803402159282912,0.906178287530353,0.0804154961529922,1.31590263878142,1.01501427586886
"1983",0.834096244131455,0.648666227741701,0.498267848204663,0.634287715900288,0.319009406489224,0.986425728113635,0.931955214161876,0.0804154961529922,1.26885702131238,0.78802796101211
"1984",1.13480046948357,1.01198748164764,0.652331680044489,0.792190895739461,0.424338749199985,2.07505942323663,0.932185533081612,0.141909699093516,1.24699819025673,1.01073151521118
"1985",1.04172535211268,0.969441512849314,0.529457079378884,0.654597173578605,0.394134347808218,1.16707236747902,1.14314433253373,0.160830992305984,0.869197085841012,0.646696859308851
"1986",1.26725352112676,1.31931716541494,0.831422830544024,0.904500146044235,0.622517300791181,1.49508863369512,0.999661224171731,0.586560089586531,1.53134679284449,1.00216599389584
"1987",1.29231220657277,1.00077132377349,0.807054068229428,0.741619077558142,0.794334550842632,1.39525759615109,0.734715845699038,0.794694314923687,1.39456830196269,0.950772866003741
"1988",1.1169014084507,1.52472480505074,0.887412020949985,0.740412099739,0.755641173827476,1.39050373722042,0.760404690610956,0.714278818770695,1.16012792296026,0.847986610219553
"1989",0.93075117370892,0.765269516140192,0.665744093597087,0.769690093661049,0.879589312952902,1.36911137203242,0.479323920850345,0.97444660044214,0.917292383128624,0.95933838731909
"1990",1.05246478873239,0.911038464254574,1.00503703742154,1.11903113050407,1.64658754299743,1.86826655975257,0.722288270371763,1.4853215171788,1.27291827568915,1.10066948902235
"1991",1.1705985915493,0.944258927886092,0.869591761955406,0.798324845765931,1.68360557767672,1.4095191729431,0.799100025572673,1.36706343460087,1.25320837692719,1.37048341045584
"1992",1.29231220657277,1.36149880379641,1.14119946207169,0.859571240782735,1.80894396925403,1.82310489991122,1.03256603612188,1.44747893075386,1.2064714630272,1.75593186964655
"1993",1.05962441314554,1.77557895838707,1.38204993584417,0.802452413432174,1.50170607511463,2.34602938228472,0.860037387935229,1.64615250948478,0.86566944166563,1.43472482032096
"1994",1.07036384976526,1.26833364451705,1.30824911147013,0.9527664136394,1.33971959447693,1.51648099888313,0.959250353611265,1.54681572011932,0.918670027505008,1.01073151521118
"1995",1.0381455399061,1.68471109844478,1.03689861840688,0.946214402351863,1.3323046251015,1.2003493799937,0.997716665209627,1.64142218618166,1.09341687231273,1.01073151521118
"1996",0.99518779342723,1.44708717866254,1.33953250278586,1.14404657110058,1.52870045276882,1.53074257567513,1.11933261878319,2.04349966694662,1.41937416085847,1.55464211873585
"1997",1.2099765258216,2.31797954816042,0.845814568913749,0.791182619363267,1.31299106435837,1.47131933904178,1.0490599023062,1.55627636672555,1.36612974055265,1.34050408585212
"1998",1.19565727699531,1.28506536051736,1.01881333017749,0.860989315481622,0.852586694227364,1.06486440046966,0.825236791283163,1.3481421413884,0.970348202568286,0.800876242985133
"1999",1.21355633802817,2.234391975367,1.14244130939109,1.0228543163067,1.28025822732423,1.2146109567857,1.14197570552505,1.72656800563777,1.0812259411216,0.56960716747071
"2000",1.14553990610329,1.22528108319326,1.20432601128425,1.14739690793535,1.09473364299258,1.34534207737908,1.1132564609341,1.57519765993802,1.00330979815978,0.805159003642808
"2001",1.05246478873239,1.846509740237,1.06856015727355,0.732408817334504,0.351940482120861,1.26452647555772,0.735815457321158,1.40963634432892,0.783468751937148,0.852269370877228
"2002",1.02024647887324,1.15203236219317,1.11807597785302,1.00266516637242,0.392458814463523,1.33345743005241,0.745452584506121,1.44274860745074,0.7407412427459,1.12208329231072
"2003",1.02740610328639,1.12428302093055,1.18612532302173,1.15602410028686,0.513427404341362,1.4166499613391,0.8190779093876,1.80698350179077,0.916279924642743,1.43900758097864
"2004",1.18133802816901,1.24579589359906,0.988514274682438,0.934696840394791,0.661474671172146,1.19797245052837,0.863909842510851,1.69345574251595,1.17999064024332,1.7302353057005
"2005",1.2099765258216,1.60525776184079,1.12451489998934,1.24509458803442,0.756151845775517,1.34296514791374,1.02393515538023,1.41909699093516,1.08110597778689,1.21630402677956
"2006",1.22787558685446,1.12107540224369,1.13694639343749,1.21887574395297,0.976450258822955,1.27641112288439,0.943975773198463,1.64142218618166,1.05526819221361,1.13493157428375
"2007",1.22787558685446,1.2747463960887,0.803325472899656,1.14429516647769,1.29587557827624,0.957902574529626,1.01760906588101,1.65561315609102,1.15897860287219,1.20345574480654
"2008",1.05962441314554,0.724015426243312,1.10617823452913,1.31693224249783,1.08181961019941,0.917494773618947,1.00164071238466,0.998098216957726,0.65646402339404,0.843703849561879
"2009",0.794718309859155,1.11086572151568,1.26691616100973,1.15863931961959,0.85381595645633,0.934133279876285,0.979268331609167,0.917682720804734,0.650584161092426,0.92079354140002
"2010",1.24577464788732,0.949109229885081,0.951776282020785,1.1449080251655,0.93122448285462,1.04584896474699,1.0625025530457,1.08797435971695,0.793393985271648,1.21202126612189
"2011",1.32095070422535,0.830902021864654,1.12487441597743,1.54538822628059,0.88720536004088,1.06961825940033,1.20974646159472,1.49478216378503,0.851477413619558,1.08353844639165
"2012",1.35674882629108,0.934603483659001,1.10637578804036,1.30051118072828,0.784479478941136,1.17895701480569,1.15216545264624,1.67453444930348,1.04748869993051,1.18204194151816
"2013",1.00950704225352,0.573538372336796,0.902439464402983,1.24453989241214,0.794364695287606,1.102895271915,0.844938811559611,1.52316410360373,0.912562632431091,0.989317711922812
"2014",0.970129107981221,0.479037945711277,1.32279733713824,1.22358606520394,0.668720179564251,1.11477991924167,0.883361896498432,1.68872541921284,0.745454598437858,1.04499360047258
"2015",0.937910798122066,0.473705282948513,1.24865957529851,1.19510825644333,0.863956843086712,1.11715684870701,1.08181712321288,1.96781449409675,0.930857594726712,1.43472482032096
"2016",1.14196009389671,0.365677960601926,1.10033455776318,1.22416425371989,0.701886469066817,1.33583435951774,1.1234434517302,2.18067904273702,0.8543959830239,1.42187653834794
"2017",1.22429577464789,0.48218375056825,1.33527150819166,1.37740508858407,0.825056278921803,1.30968813539907,1.64197993379546,1.80698350179077,1.24659015052999,1.36620064979817
"2018",1.27083333333333,0.128851363042426,1.10657036606606,1.03385329607745,0.662586495113856,1.05297975314299,1.3315260491199,2.21379130585884,1.52217592072426,1.1263660529684
"2019",0.712382629107981,0.23886316025316,0.914949366978647,1.01800949078304,0.740551715562474,0.698817262808213,1.53959605138747,1.98673578730922,1.0493106368358,0.479669193659545
"2020",1.0381455399061,0.213467077323859,0.871691948728539,1.29878335207089,0.768657879217283,0.938887138806953,1.89490897865878,2.2847461554056,1.11596926261838,0.800876242985133
"2021",0.737441314553991,0.0712952531503254,0.599685476205536,0.940780045972567,0.569161493705366,0.969787221856296,1.51082156550131,2.02930869703727,0.758289768218428,0.672393423254898
"2022",0.905692488262911,0.220790115013399,1.12520179016994,1.29198605846288,0.888873086454738,1.11953377817234,2.06779677115949,2.96591271105448,0.788244029884744,0.882248695480949
"2023",0.902112676056338,0.136626501882017,0.70480749858143,0.9445917288609,0.908109878455796,0.962656433460294,2.00699685837911,2.38408294477106,0.624717173709806,0.676676183912573
