"","dc_t11i","dc_t12r","dc_t1i","dc_t2r","dc_t3r","dc_t4i","dc_t5i","dc_t6r","dc_t7i","dc_t8r","dc_t9r"
"1843",NA,NA,NA,NA,NA,NA,NA,NA,NA,NA,0.329052501698012
"1844",NA,NA,NA,NA,NA,NA,NA,NA,NA,NA,0.277235689595527
"1845",NA,NA,NA,NA,NA,NA,NA,NA,NA,NA,0.333445186850875
"1846",NA,NA,NA,NA,NA,NA,NA,NA,NA,NA,0.368496498894838
"1847",NA,NA,NA,NA,NA,NA,NA,NA,NA,NA,0.477449946209334
"1848",NA,NA,NA,NA,NA,NA,NA,NA,NA,NA,0.314248380339641
"1849",NA,NA,NA,NA,NA,NA,NA,NA,NA,NA,0.186076212588566
"1850",NA,NA,NA,NA,NA,NA,NA,NA,NA,NA,1.03768238118792
"1851",NA,NA,NA,NA,NA,NA,NA,NA,NA,NA,1.29719124742606
"1852",NA,NA,NA,NA,NA,NA,NA,NA,NA,NA,1.65496954494061
"1853",NA,NA,NA,NA,NA,NA,NA,NA,NA,NA,1.31436791664647
"1854",NA,NA,NA,NA,NA,NA,NA,NA,NA,NA,1.21149346149282
"1855",NA,NA,1.21013939278213,NA,NA,NA,NA,NA,NA,NA,1.24656639092239
"1856",NA,NA,1.11332824135956,NA,NA,NA,NA,NA,NA,NA,1.07161367621256
"1857",NA,NA,1.1079498440583,NA,NA,NA,NA,NA,NA,NA,1.28653730428042
"1858",NA,NA,0.833651581694354,NA,NA,NA,NA,NA,NA,NA,1.02650680163859
"1859",NA,NA,0.941219527719432,NA,NA,NA,NA,NA,NA,NA,1.35910019238718
"1860",NA,NA,1.08105785755203,NA,NA,NA,NA,NA,NA,NA,1.5399971109144
"1861",NA,NA,0.860543568200624,NA,NA,NA,NA,NA,NA,NA,1.07498190532637
"1862",NA,NA,0.962733116924448,NA,NA,NA,NA,NA,NA,NA,1.1225282215053
"1863",NA,NA,0.629272484246706,NA,NA,NA,NA,NA,NA,NA,1.25629808066138
"1864",NA,NA,0.865921965501878,NA,NA,NA,NA,NA,NA,NA,1.01405210350479
"1865",NA,NA,0.882057157405639,NA,NA,NA,NA,NA,NA,NA,1.3801553108344
"1866",NA,NA,0.763732416778054,NA,NA,NA,NA,NA,NA,NA,1.15206309082263
"1867",0.338605319913731,NA,0.85516517089937,NA,NA,NA,NA,NA,NA,NA,1.30187320627703
"1868",0.19009421468841,NA,1.01651708993699,NA,NA,NA,NA,NA,NA,NA,1.289253505453
"1869",0.487116425139052,NA,1.23165298198714,NA,NA,NA,NA,NA,NA,NA,1.68349863017909
"1870",0.730674637708578,NA,1.29081535230094,NA,NA,NA,NA,NA,NA,NA,1.22918391627291
"1871",0.736615081917591,NA,1.33384253071097,NA,0.959579556918226,NA,NA,NA,NA,NA,1.04812496466371
"1872",0.796019524007719,NA,1.32846413340971,NA,1.07441140598656,NA,NA,NA,NA,NA,1.26673694481568
"1873",0.760376858753642,NA,1.00576029533448,NA,0.944154995374431,NA,NA,NA,NA,NA,1.24009785742425
"1874",0.796019524007719,NA,1.08105785755203,NA,0.982064220293233,NA,NA,NA,NA,NA,1.00284899868164
"1875",0.879185742933898,NA,1.12946343326332,NA,1.121988773944,NA,NA,NA,NA,NA,1.16796968442235
"1876",0.926709296606001,NA,0.876678760104386,NA,1.06315171344418,NA,NA,NA,NA,NA,0.966995547307163
"1877",0.879185742933898,NA,0.941219527719432,NA,0.979771243240832,NA,NA,NA,NA,NA,0.919632092099372
"1878",0.974232850278103,NA,1.00038189803323,NA,1.0434009047682,NA,NA,NA,NA,NA,1.03784957207463
"1879",0.86136441030686,NA,0.908949143911909,NA,0.870027219461864,NA,NA,NA,NA,NA,1.20727393088779
"1880",0.683151084036475,NA,1.08105785755203,NA,0.794331914279498,NA,NA,NA,NA,NA,0.937411966271693
"1881",0.493056869348065,NA,0.957354719623194,NA,1.07225289581737,NA,NA,NA,NA,NA,1.83642382882977
"1882",0.498997313557077,NA,1.08105785755203,0.548932714037938,1.0482294516284,NA,NA,NA,NA,NA,1.22594786780536
"1883",0.445533315675962,NA,0.95197632232194,0.772331272562615,1.07196090195153,NA,NA,NA,NA,NA,1.02040221711664
"1884",0.487116425139052,NA,1.24240977658965,0.938435903843308,0.845761071165453,NA,NA,NA,NA,NA,0.942876775890013
"1885",0.481175980930039,NA,0.882057157405639,1.48962698550664,0.93343375479461,NA,NA,NA,NA,NA,0.967658549756609
"1886",0.58810397669227,NA,1.0971930494558,1.3307167926917,0.847199645670087,NA,NA,NA,NA,NA,0.713805167905889
"1887",0.671270195618449,NA,1.16173381707084,1.2161064227129,0.831322380348226,NA,NA,NA,NA,NA,0.694544178651023
"1888",0.790079079798706,NA,1.18324740627586,1.19864422626242,0.924018331934551,NA,NA,NA,NA,NA,0.871282769708453
"1889",0.796019524007719,NA,0.957354719623194,1.28088436142775,1.0058013210456,NA,NA,NA,NA,NA,1.00686480938842
"1890",0.790079079798706,NA,1.18324740627586,1.15201106044626,0.859161125267465,NA,NA,NA,NA,NA,1.03746198173709
"1891",0.986113738696129,NA,1.0971930494558,0.978202193733128,0.837515438515734,NA,NA,NA,NA,NA,1.17572400702793
"1892",0.986113738696129,NA,1.04340907644326,0.877727087019319,0.55476737708543,NA,NA,NA,NA,NA,1.21749256399316
"1893",0.81978130084377,NA,1.13484183056457,0.861390119314909,0.66358710237623,0.899136363636364,NA,NA,NA,NA,1.24984972682531
"1894",1.05739906920428,NA,1.10257144675705,0.991963911003515,1.01174350569456,1.16709090909091,NA,NA,NA,NA,1.28255487908219
"1895",0.879185742933898,NA,0.925084335815671,0.992973531548806,1.00633581415851,1.27427272727273,NA,NA,NA,NA,1.18555002153523
"1896",0.855423966097847,NA,1.07030106294953,0.741420149954289,0.685411615388336,0.922954545454546,NA,NA,NA,NA,1.24834549358307
"1897",0.891066631351924,NA,0.903570746610655,0.935356689061703,0.837738575771322,1.05990909090909,NA,NA,NA,NA,1.28654413861282
"1898",0.926709296606001,NA,0.919705938514417,0.853290607113654,0.674550313940227,0.970590909090909,NA,NA,NA,NA,1.19264432694663
"1899",0.742555526126603,NA,0.7583540194768,0.557867546891411,0.505916752650572,0.803863636363636,NA,NA,NA,NA,1.16418313141213
"1900",0.623746641946347,NA,0.882057157405639,0.636028395152394,0.549439562420675,0.827681818181818,NA,NA,NA,NA,0.949532525935488
"1901",0.885126187142911,NA,0.989625103430717,0.916476635710982,0.745282373355147,1.00036363636364,NA,NA,NA,NA,1.23064601811162
"1902",0.81978130084377,NA,0.908949143911909,0.992416434375048,0.756164539412497,0.940818181818182,NA,NA,NA,NA,1.29576263780687
"1903",0.801959968216732,NA,0.989625103430717,1.08118741163904,0.707205656938795,0.988454545454545,NA,NA,NA,NA,1.29854158104783
"1904",1.09304173445836,NA,0.97886830882821,1.10084179036353,0.799687526763593,0.928909090909091,NA,NA,NA,NA,1.17433814117267
"1905",0.968292406069091,NA,0.973489911526956,0.89864936510713,0.663686910774656,0.917,NA,NA,NA,NA,0.984666892543723
"1906",1.08116084604033,NA,1.18862580357711,1.09969376030519,0.935690405964657,0.881272727272727,NA,NA,NA,NA,1.16211971643059
"1907",1.19996973022059,NA,1.00576029533448,0.948888574561557,0.854089926907342,0.893181818181818,NA,NA,NA,NA,1.37404494448743
"1908",0.873245298724886,NA,1.02189548723824,1.0718890290456,0.799689578656678,1.00036363636364,NA,NA,NA,NA,1.30118095625516
"1909",1.11680351129441,NA,1.04340907644326,1.13088047126605,0.652807983485656,1.14327272727273,NA,NA,NA,NA,1.33099995070815
"1910",0.956411517651065,NA,1.01651708993699,1.14895142830187,0.707208774707307,1.07181818181818,NA,NA,NA,NA,1.04279660772635
"1911",0.843543077679821,NA,0.903570746610655,1.00792796273278,0.67456845477156,0.964636363636364,NA,NA,NA,NA,1.15962914036581
"1912",0.831662189261796,NA,1.13484183056457,0.737731569857187,0.690888720999965,0.970590909090909,NA,NA,NA,NA,1.05560939254802
"1913",0.867304854515873,NA,0.962733116924448,0.828332530675036,0.652808281578859,1.17304545454545,NA,NA,NA,NA,1.22975367561432
"1914",0.748495970335616,NA,0.898192349309401,0.979900160206265,0.70176893410565,1.13136363636364,NA,NA,NA,NA,1.05729229477658
"1915",0.932649740815014,NA,0.779867608681815,0.99541799442594,0.728969303489613,1.05395454545455,NA,NA,NA,NA,1.13163124619948
"1916",0.784138635589693,NA,0.688434854560499,1.04552163400606,0.505926468251486,1.07181818181818,NA,NA,NA,NA,0.939274484940944
"1917",0.534639978811154,NA,0.785246005983069,0.820872918461062,0.522246685201858,0.946772727272727,NA,NA,NA,NA,0.973614557330437
"1918",0.368307540958795,NA,0.844408376296862,0.81717857432615,0.554887109268942,0.952727272727273,NA,NA,NA,NA,0.714472095011154
"1919",0.368307540958795,NA,0.887435554706893,1.12698502357663,0.603847741366998,0.8515,NA,NA,NA,NA,0.730391068376621
"1920",0.534639978811154,NA,0.85516517089937,1.09339993605998,0.728969349545142,0.786,NA,NA,NA,NA,0.71731051621492
"1921",0.326724431495706,NA,0.876678760104386,1.14405225803811,0.560327188828142,0.922954545454546,NA,NA,NA,NA,0.557363733234944
"1922",0.392069317794847,NA,0.790624403284323,1.12756457221492,0.750729633756411,0.887227272727273,NA,NA,NA,NA,0.684670984683305
"1923",0.35642665254077,NA,0.419514989497804,1.28670196342737,0.484166214044054,0.994409090909091,NA,NA,NA,NA,0.712540925373378
"1924",0.19009421468841,NA,0.860543568200624,0.934486398025791,0.467846005245054,0.524,NA,NA,NA,NA,0.453986119221869
"1925",0.249498656778539,NA,0.817516389790593,1.0025635683364,0.48960628505017,0.887227272727273,NA,NA,NA,NA,0.540838586776042
"1926",0.297022210450641,NA,0.623894086945452,1.16715131034471,0.728969358259397,0.922954545454546,NA,0.508011266391479,NA,NA,0.441306112051891
"1927",0.368307540958795,NA,0.860543568200624,1.22259885545462,0.696328939583229,0.946772727272727,NA,0.647226407784137,NA,0.23389274691358,0.54124604718254
"1928",0.308903098868667,NA,0.720705238368022,1.43515556804635,0.750729638255632,0.863409090909091,NA,0.435037250897628,NA,0.318094135802469,0.838124728762748
"1929",0.332664875704718,NA,0.693813251861753,1.0932283002044,0.598407682818486,0.952727272727273,NA,0.423297359113016,NA,0.416329089506173,0.76311294112752
"1930",0.421771538839911,NA,0.774489211380561,1.19486637024753,0.614727892459698,0.791954545454546,NA,0.867379253067108,NA,0.556664737654321,0.668598819873925
"1931",0.463354648303,NA,0.790624403284323,1.28769402999111,0.62560803222837,1.13731818181818,NA,0.795519759811411,NA,0.856047453703704,0.878074433663373
"1932",0.611865753528321,NA,0.812137992489339,1.1562475552418,0.701769010127707,0.827681818181818,NA,1.33934988953591,NA,0.767168209876543,0.908335369422109
"1933",0.540580423020167,NA,1.29081535230094,0.756076380893049,0.750729638788867,0.946772727272727,NA,1.83870748887435,NA,0.594087577160494,0.920010318491573
"1934",0.522759090393129,NA,0.882057157405639,1.18703785106188,1.05537355022883,1.35168181818182,NA,1.322815644118,NA,0.940248842592593,0.919104857584141
"1935",0.724734193499565,NA,0.946597925020686,0.940117668558574,0.821450546853706,0.9825,NA,2.17041573866034,NA,0.888792438271605,0.714114542936907
"1936",0.968292406069091,0.914742836549492,1.04878747374451,0.686919129743338,0.859531035800044,1.09563636363636,NA,1.16490567070121,NA,1.02445023148148,0.769625515223076
"1937",1.01581595974119,0.845582822992325,1.34459932531347,0.954746079568235,0.821450546885284,1.27427272727273,NA,1.42343662012738,NA,1.12736304012346,0.670927277833609
"1938",1.03957773657724,0.971130719965109,1.52746483355611,1.13813031884631,0.690888870566942,1.30404545454545,NA,1.19723749104331,NA,0.818624614197531,0.759219570602691
"1939",0.90294751976995,0.7744612990992,1.54360002545987,1.19340163663594,1.00097285185302,1.42313636363636,NA,1.48964999467912,NA,0.594087577160494,0.809353308424564
"1940",0.837602633470809,0.944873952180575,1.43603207943479,0.980856342922887,1.20225543619983,1.20877272727273,NA,1.41081194491414,NA,0.453751929012346,0.794387217584389
"1941",0.914828408187975,1.4792870809632,1.61889758767742,0.949458752851976,1.1859352266634,1.01822727272727,NA,0.869603975425635,NA,0.809268904320988,0.832038279247629
"1942",1.05145862499527,1.18028668051512,1.83941187702883,1.27822801984522,1.07169375987776,0.988454545454545,NA,0.968953840747744,NA,1.03380594135802,0.876734363823419
"1943",0.974232850278103,1.30149746312089,1.38224810642225,1.0641260264453,1.19137529651625,1.03609090909091,NA,0.695592320993439,NA,0.856047453703704,0.928593558743401
"1944",0.86136441030686,1.16320482029313,1.40376169562727,1.12888804461678,0.957452293092048,0.958681818181818,NA,0.961639166134063,NA,0.944926697530864,0.745840613513196
"1945",0.843543077679821,0.942338787093519,1.28005855769843,1.18412405104194,0.826890616762147,1.03013636363636,NA,1.0099195187099,NA,1.01509452160494,0.797466845451485
"1946",0.730674637708578,1.03874325640403,1.13484183056457,1.17167223709509,0.854090965998352,1.19686363636364,NA,1.02667364438529,NA,1.01041666666667,0.802076133970948
"1947",0.605925309319308,0.959372710512951,1.04340907644326,1.14453109128464,0.821450546916027,1.07181818181818,NA,1.36262560460645,NA,0.926215277777778,0.669974047539703
"1948",0.576223088274244,1.03748972537016,0.957354719623194,0.913198029793231,0.913931734317496,0.845545454545455,NA,1.84106133314107,NA,0.823302469135803,0.639452828029882
"1949",0.58810397669227,1.00878793702204,1.19400420087837,0.695669342630758,0.783370057986623,0.917,NA,2.20567030345652,NA,0.781201774691358,0.629297403212042
"1950",0.540580423020167,0.87929388129374,1.03265228184075,1.00360626414083,1.0227331312605,1.12540909090909,NA,1.65426431096397,NA,1.1039737654321,0.765052998790403
"1951",0.510878201975103,1.14004694522598,1.00576029533448,1.30746844611919,1.04993348049628,1.10159090909091,NA,1.53159878155393,NA,1.28173225308642,0.657515912200651
"1952",0.605925309319308,0.963390574506352,0.941219527719432,0.962354750754599,0.892171454929563,1.11945454545455,NA,1.56014770644761,NA,2.16116898148148,0.675343141853795
"1953",0.398009762003859,1.18596716580187,1.06492266564827,1.13475737171264,0.859531035846829,1.048,NA,1.20509954197775,NA,1.78694058641975,0.622595578451935
"1954",0.623746641946347,1.25114003626323,0.903570746610655,1.15081008014661,0.908491664471056,0.893181818181818,NA,0.70390288615739,NA,1.30979938271605,0.711522590106157
"1955",0.54652086722918,1.14933803231511,0.898192349309401,1.09329478429274,0.837770756458366,0.934863636363636,NA,0.430533426630849,0.742773051646978,1.11332947530864,0.779966123564233
"1956",0.617806197737334,0.900461581828933,0.785246005983069,0.878534877400762,0.794250197681326,0.863409090909091,NA,0.520668556624699,0.511873563681813,0.996383101851852,0.762800300261554
"1957",0.58810397669227,0.882065073667363,1.01113869263573,1.09071304196204,1.04449341064943,0.803863636363636,NA,0.489050467966426,1.11833245978309,0.987027391975309,0.673036886639311
"1958",0.695031972454501,0.999853930507582,0.672299662656737,0.875403104919596,1.16961501713349,0.940818181818182,NA,0.524031031900364,0.645405797685764,1.23027584876543,0.815117152806529
"1959",0.700972416663514,0.614663768795585,0.903570746610655,0.418424885505938,0.767049848445691,0.887227272727273,NA,0.525581343459988,0.912470265693666,1.31447723765432,0.687972532994563
"1960",0.653448862991411,0.823508127554404,0.73146203297053,0.872093829599791,0.892171454929745,0.881272727272727,NA,0.7176847896093,0.625932346893521,1.11332947530864,0.816963377638167
"1961",0.445533315675962,0.556216947691539,0.73146203297053,0.695315914907404,0.837770756458423,0.655,NA,0.472223143807341,0.642623876144015,1.01977237654321,0.555101431276188
"1962",0.54652086722918,0.752522184674541,0.844408376296862,0.76498064200724,1.07169375988513,0.732409090909091,NA,0.563570575882362,0.617586582268274,1.04316165123457,0.826153274860243
"1963",0.599984865110295,0.833851795867914,0.844408376296862,0.869301611911834,1.20769550606345,0.839590909090909,NA,0.610087228111192,0.865177599483933,1.0057388117284,0.958008275620097
"1964",0.647508418782398,0.7163659653031,0.7583540194768,0.57337535326835,1.0499334804966,0.946772727272727,NA,0.803931752319314,0.892996814901423,1.11332947530864,0.993458936483406
"1965",0.700972416663514,0.927210210033951,0.822894787091846,0.860673376683913,0.674568661044449,0.9825,NA,0.805615339097724,0.954199088819901,1.01977237654321,0.976286846991716
"1966",0.962351961860078,0.932254939412558,1.09181465215454,0.886004267761732,1.04449341064947,0.899136363636364,NA,0.579824980042377,0.943071402652905,1.48755787037037,1.20240722209199
"1967",0.647508418782398,0.66700352380021,0.0268919865062695,0.797422637087115,1.03361327095521,1.07777272727273,NA,0.546735109347254,0.82066685481595,1.34254436728395,1.04072302737579
"1968",0.641567974573385,0.654640067740287,0.925084335815671,0.956503955306951,0.848650896152696,0.869363636363636,NA,0.661800302696845,1.07382171511511,1.0712287808642,0.892587908686607
"1969",0.742555526126603,0.822743041545633,0.962733116924448,0.694243396777995,0.620167962573124,0.958681818181818,NA,0.594322711229012,0.567511994516792,1.16010802469136,0.897517085865746
"1970",0.617806197737334,0.813689668238841,0.715326841066769,0.694630874360588,0.65280838165592,0.845545454545455,NA,0.652488721826026,0.726081522396484,0.944926697530864,1.05806006608534
"1971",0.570282644065231,0.854796814131243,0.887435554706893,0.809178983231272,0.674568661044451,0.821727272727273,NA,0.504418974766081,0.728863443938233,0.832658179012346,1.15774988432592
"1972",0.570282644065231,0.835496012385752,0.7583540194768,0.700319457422942,0.674568661044451,0.821727272727273,NA,0.447721020210802,0.806757247107205,0.753134645061728,0.841614761528007
"1973",0.77819819138068,0.83286766578744,0.887435554706893,0.834826264818539,0.886731385082625,0.976545454545454,NA,0.712695944453123,0.809539168648954,0.963638117283951,1.52636470096806
"1974",0.784138635589693,0.863769869822989,1.17249061167335,0.95452636223023,0.875851245388359,1.10754545454545,NA,0.886217953968365,0.812321090190703,1.00106095679012,1.64602972825952
"1975",0.849483521888834,0.766841520172873,1.07567946025078,0.691340451333415,0.603847753031726,0.940818181818182,NA,1.02552526572947,0.673225013103254,1.03380594135802,0.863479990028353
"1976",0.843543077679821,0.8750215132589,0.935841130418178,0.661774932071403,0.614727892725991,0.821727272727273,NA,0.819015805121365,0.859613756400435,1.04783950617284,1.17364681263185
"1977",1.03957773657724,1.19878673687381,0.957354719623194,0.676971730450802,0.538566914866134,0.911045454545455,NA,0.496538159265271,0.859613756400435,1.4173900462963,0.905218605413297
"1978",1.18808884180257,1.22971971802159,1.07567946025078,0.811678484599648,0.728969359515778,0.934863636363636,NA,0.358319391046186,0.82066685481595,1.37996720679012,1.11327310220733
"1979",2.39993946044118,0.950519608198548,0.822894787091846,0.627659362563308,0.625608032420257,1.05395454545455,NA,0.543759148109347,0.918034108777164,1.4501350308642,0.955889108604323
"1980",2.67914033826478,0.97788624060244,1.16173381707084,0.986661741686242,0.832330686611298,1.08372727272727,NA,0.474755177524369,0.795629560940209,1.26769868827161,1.15817997751393
"1981",2.23360702258882,0.863555805109461,1.15097702246833,0.837442416519915,0.554887124407532,1.01227272727273,NA,0.220188646453713,1.04322057815587,1.18349729938272,1.00750411498012
"1982",2.00192969843732,1.05280695481819,1.17249061167335,0.703073343303295,0.864971105694094,0.863409090909091,NA,0.208760753477951,1.10998669515784,1.08526234567901,1.02951693349814
"1983",2.00787014264634,1.27589500581055,0.968111514225702,0.907783621828943,0.79425019768137,0.917,NA,0.174093822904257,0.926379873402411,1.28173225308642,0.659414432978173
"1984",2.28707102046994,1.16481780792685,1.10257144675705,1.14253565513076,0.908491664471155,0.958681818181818,NA,0.139370519978594,0.854049913316937,1.67467206790123,0.620979618111179
"1985",1.71084793219569,1.09080050803795,0.779867608681815,1.01808009832207,0.892171454929757,0.815772727272727,NA,0.278921082357653,1.03765673507237,1.13204089506173,0.835198670658552
"1986",1.81777592795793,1.50312836598785,1.26930176309592,1.07325319677991,1.19681536636919,0.887227272727273,NA,0.186060567292805,0.776156110147966,1.31915509259259,0.899009181935243
"1987",1.84747814900299,0.993269450370978,0.844408376296862,1.02358580098566,0.805130337375635,0.833636363636364,NA,0.186167280254636,0.887432971817925,1.16010802469136,0.605361707393558
"1988",2.06727458473646,1.02723175525682,1.08643625485329,1.02881960676514,1.00641292171954,0.881272727272727,NA,0.174626146575118,0.745554973188727,1.15075231481481,0.891421138434641
"1989",2.00192969843732,1.10850102093958,1.05416587104576,1.02405360178949,1.30017669346471,0.988454545454545,NA,0.151419725086001,1.18509857678507,1.14139660493827,0.990911942314336
"1990",2.34647546256007,1.19315659227797,1.07567946025078,0.769452452246011,1.10433417896793,1.31595454545455,NA,0.41951734047984,1.15171551828408,0.958960262345679,1.03944311441985
"1991",2.32865412993303,1.37585107855027,0.752975622175546,0.674656505671348,1.26753627438191,1.32786363636364,NA,0.314780233554539,1.30193928153852,0.90282600308642,0.801095286360441
"1992",2.2692496878429,1.4436223726997,1.00576029533448,0.624802383132947,1.24577599499338,1.25045454545455,NA,0.944742885774807,1.26577430149579,0.90282600308642,1.25171036703157
"1993",1.84747814900299,0.743861566298987,1.17249061167335,0.859885985433355,1.80610318924805,1.38145454545455,NA,1.50519423081376,1.21848163528605,1.05251736111111,1.2846555846232
"1994",2.47122479094934,0.872425536950469,1.27468016039717,0.815034539813497,1.40353802056023,1.42909090909091,NA,1.65750680010793,0.954199088819901,1.22559799382716,1.0790816053588
"1995",1.83559726058496,1.1836189386777,1.24240977658965,1.10022999236517,2.80163597127332,1.42313636363636,NA,0.899108980836272,1.26855622303754,0.954282407407407,1.13804538515469
"1996",1.9900488100193,1.16003092111972,1.25854496849341,0.890327451470276,2.7309150632606,1.61963636363636,NA,1.38999824371904,1.15727936136758,1.18349729938272,1.00989853645745
"1997",1.75243104165878,1.07555075013649,1.21551779008338,0.930482917334326,2.7145948537192,1.60772727272727,NA,1.44885930554404,0.834576462524695,1.08994020061728,1.09598178216541
"1998",1.25343372810171,0.957228575982471,1.08643625485329,1.02067673375468,1.55041990643281,1.16113636363636,NA,1.53110547784079,0.0918034108777164,0.90282600308642,1.02037698996203
"1999",1.97222747739226,1.10949636574881,1.16173381707084,0.735588627608406,2.13250738007601,1.14922727272727,0.993652454171402,0.970361813025329,1.53283876950369,1.12736304012346,1.09824890830727
"2000",1.86529948163003,0.984386177402671,1.42527528483228,1.20612276357519,2.31202968503138,1.25045454545455,1.07878694751357,1.18111369850839,1.40208845704149,0.996383101851852,1.37759014683934
"2001",1.63362215747853,0.693497266527216,1.05954426834702,0.910961387460662,1.48513906826722,0.964636363636364,0.851148330321164,0.397701585988874,1.06825787203161,0.884114583333333,0.70608329280441
"2002",1.65738393431458,0.811930062961771,1.17249061167335,1.35659252043114,1.70274186215252,0.809818181818182,0.890928690771939,0.924287969229876,1.07660363665686,0.813946759259259,1.05071912151057
"2003",1.17620795338454,0.781509308030118,1.01113869263573,1.11143023221952,1.6320209541398,0.964636363636364,1.02584753554624,0.713848315811446,1.2268273999113,0.935570987654321,1.19504015699139
"2004",1.42570661016308,0.923630142141873,1.07567946025078,1.14659882191731,1.27297634422904,0.9825,1.03990392847621,0.55012868590072,1.03765673507237,0.645543981481482,1.13594692343429
"2005",1.3425403912369,0.89658864890827,1.14559862516708,2.02302819082329,1.40353802056023,1.10754545454545,1.05720957984869,0.995108519325205,1.21569971374431,0.865403163580247,1.06684882198836
"2006",1.6692648227326,1.21127032494811,1.14022022786583,1.16686050236926,1.41985823010163,1.18495454545455,1.21791780439332,1.80323523180025,1.52449300487844,0.935570987654321,1.14749835198843
"2007",1.91282303530213,1.5733327922459,0.935841130418178,1.22707056864716,1.45249864918442,1.10159090909091,0.887920984191455,1.79183734648424,1.14058783211708,0.944926697530864,0.898058086301581
"2008",1.40194483332703,1.30606127309253,0.876678760104386,1.33236621600124,1.55585997627994,0.922954545454546,1.02769668292616,2.29580147125356,1.02096520582188,0.813946759259259,1.25411596294371
"2009",1.56827727117939,1.48880097920003,0.85516517089937,0.851584191551687,1.15873487743926,0.839590909090909,1.18755992378763,2.78818887390669,1.64967947425715,0.963638117283951,1.12673830714637
"2010",1.66332437852359,1.48882473176088,0.973489911526956,1.4878874242151,2.17058786900593,0.988454545454545,1.06442979105706,2.58940861910857,1.28802967382978,0.781201774691358,1.21875495265885
"2011",1.55639638276136,1.2249142460885,1.038030679142,1.48800150387711,1.57762025566847,1.03013636363636,1.14968099967053,2.20305622835177,1.53840261258719,0.987027391975309,1.23449285568117
"2012",1.77619281849484,1.19109213542725,1.10257144675705,1.35282743850401,1.6646613732226,1.16709090909091,1.07982454229895,1.76970404418998,1.20735394911906,0.912181712962963,1.50234803481929
"2013",1.26531461651973,0.859491162915028,0.860543568200624,0.821774576431487,1.27297634422904,0.958681818181818,0.762507799553078,1.1838530037664,0.918034108777164,0.734423225308642,0.974077228436918
"2014",1.30689772598282,1.01177368278863,0.8282731843931,1.18764318338635,1.16417494728639,1.07181818181818,1.12600147540265,1.57083601996549,1.20457202757731,0.846691743827161,1.09637778618797
"2015",1.14650573233948,1.12006754744552,0.930462733116925,1.21778697376242,1.3328171125475,1.15518181818182,1.08811290170384,1.25445934302091,1.19344434141031,0.972993827160494,1.26903907647062
"2016",1.13462484392145,1.05239851257344,0.941219527719432,1.19781312490695,1.20769550606345,1.13136363636364,1.12126542096308,1.46563850646389,1.21569971374431,0.827980324074074,1.44336268426147
"2017",1.34848083544591,0.920432585309504,0.95197632232194,1.22294202720724,1.74626242092959,1.06586363636364,1.16981017650346,1.59476700516846,1.30193928153852,0.879436728395062,1.79817835018876
"2018",1.36036172386394,0.927206687587237,1.18862580357711,1.5387856099699,1.39265788086596,1.10159090909091,0.94839873652232,1.40727394462519,1.16284320445107,0.827980324074074,1.82696858121524
"2019",1.28907639335578,0.788468823695921,0.973489911526956,0.962417569130358,1.53953976673855,0.5895,1.08811290754879,1.73578492136158,1.0960770874491,0.916859567901235,1.15371315143321
"2020",1.5266941617163,0.707256968036489,1.12946343326332,1.09781189162425,0.935692013706819,0.875318181818182,1.05377637404259,1.38404706315738,1.30193928153852,0.968315972222222,1.63316187634201
"2021",0.813840856634757,0.578667594369376,0.602380497740437,0.80710525319256,0.859531035846962,0.416818181818182,0.397830181664219,0.633425072125969,0.753900737813974,0.748456790123457,0.668600289248767
"2022",1.60391993643346,0.937377895638442,0.989625103430717,0.887354333530904,1.63746102398693,0.899136363636364,0.917614258305033,1.41944183222063,1.07938555819861,0.972993827160494,1.29279281224763
"2023",1.30095728177381,0.900157012325208,1.07030106294953,1.26340599566862,1.82242339878944,0.815772727272727,0.770795976976753,1.10278039073354,1.28802967382978,0.851369598765432,1.20699081145973
